0.000 -0.287 -0.021		0.000 -0.440 0.098
0.000 -0.287 -0.021		-0.003 -0.290 -0.021
0.000 -0.287 -0.021		0.003 -0.290 -0.021
0.000 -0.440 0.098		0.000 -0.441 0.098
0.000 -0.440 0.098		0.000 -0.449 0.102
-0.003 -0.290 -0.021		0.000 -0.441 0.098
-0.003 -0.290 -0.021		-0.007 -0.330 -0.025
0.000 -0.441 0.098		0.003 -0.290 -0.021
0.000 -0.441 0.098		-0.002 -0.455 0.097
0.000 -0.441 0.098		0.002 -0.455 0.097
0.000 -0.441 0.098		0.000 -0.449 0.102
0.003 -0.290 -0.021		0.007 -0.330 -0.025
-0.007 -0.330 -0.025		-0.002 -0.455 0.097
-0.007 -0.330 -0.025		-0.007 -0.359 -0.027
-0.002 -0.455 0.097		-0.002 -0.465 0.096
-0.002 -0.455 0.097		0.000 -0.449 0.102
-0.002 -0.455 0.097		0.000 -0.464 0.104
0.002 -0.455 0.097		0.007 -0.330 -0.025
0.002 -0.455 0.097		0.002 -0.465 0.096
0.002 -0.455 0.097		0.000 -0.449 0.102
0.002 -0.455 0.097		0.000 -0.464 0.104
0.007 -0.330 -0.025		0.007 -0.359 -0.027
-0.007 -0.359 -0.027		-0.002 -0.465 0.096
-0.007 -0.359 -0.027		0.000 -0.446 -0.035
-0.002 -0.465 0.096		0.000 -0.500 0.104
-0.002 -0.465 0.096		0.000 -0.464 0.104
0.002 -0.465 0.096		0.007 -0.359 -0.027
0.002 -0.465 0.096		0.000 -0.500 0.104
0.002 -0.465 0.096		0.000 -0.464 0.104
0.007 -0.359 -0.027		0.000 -0.446 -0.035
0.000 -0.446 -0.035		0.000 -0.500 0.104
0.000 -0.500 0.104		0.000 -0.464 0.104
0.000 -0.449 0.102		0.000 -0.464 0.104
0.081 -0.443 -0.074		0.081 -0.409 -0.072
0.081 -0.443 -0.074		0.030 -0.443 -0.074
0.081 -0.443 -0.074		0.081 -0.409 -0.077
0.081 -0.409 -0.072		0.032 -0.409 -0.072
0.081 -0.409 -0.072		0.081 -0.220 -0.071
0.032 -0.409 -0.072		0.030 -0.443 -0.074
0.032 -0.409 -0.072		0.038 -0.287 -0.071
0.030 -0.443 -0.074		0.032 -0.409 -0.077
0.081 -0.220 -0.071		0.038 -0.287 -0.071
0.081 -0.220 -0.071		0.081 -0.220 -0.083
0.081 -0.220 -0.071		0.081 -0.247 -0.077
0.081 -0.220 -0.071		0.044 -0.149 -0.070
0.081 -0.220 -0.071		0.103 -0.126 -0.070
0.081 -0.220 -0.071		0.270 -0.056 -0.071
0.038 -0.287 -0.071		0.081 -0.220 -0.071
0.038 -0.287 -0.071		0.044 -0.149 -0.070
0.081 -0.220 -0.083		0.081 -0.409 -0.077
0.081 -0.220 -0.083		0.038 -0.287 -0.081
0.081 -0.220 -0.083		0.081 -0.247 -0.077
0.081 -0.220 -0.083		0.081 -0.244 -0.085
0.081 -0.220 -0.083		0.088 -0.189 -0.083
0.081 -0.220 -0.083		0.270 -0.056 -0.077
0.081 -0.409 -0.077		0.032 -0.409 -0.077
0.032 -0.409 -0.077		0.038 -0.287 -0.081
0.081 -0.269 -0.090		0.081 -0.247 -0.077
0.081 -0.269 -0.090		0.081 -0.244 -0.085
0.081 -0.269 -0.090		0.270 -0.079 -0.080
0.081 -0.247 -0.077		0.081 -0.244 -0.085
0.081 -0.247 -0.077		0.270 -0.069 -0.074
0.081 -0.244 -0.085		0.270 -0.068 -0.078
-0.081 -0.443 -0.074		-0.030 -0.443 -0.074
-0.081 -0.443 -0.074		-0.081 -0.409 -0.072
-0.030 -0.443 -0.074		-0.032 -0.409 -0.072
-0.032 -0.409 -0.072		-0.081 -0.409 -0.072
-0.032 -0.409 -0.072		-0.038 -0.287 -0.071
-0.081 -0.409 -0.072		-0.081 -0.220 -0.071
-0.081 -0.409 -0.072		-0.081 -0.443 -0.074
-0.038 -0.287 -0.071		-0.081 -0.220 -0.071
-0.081 -0.220 -0.071		-0.081 -0.220 -0.083
-0.081 -0.220 -0.083		-0.038 -0.287 -0.081
-0.081 -0.220 -0.083		-0.081 -0.409 -0.077
-0.081 -0.220 -0.083		-0.081 -0.244 -0.085
-0.081 -0.220 -0.083		-0.081 -0.247 -0.077
-0.038 -0.287 -0.081		-0.032 -0.409 -0.077
-0.032 -0.409 -0.077		-0.081 -0.409 -0.077
-0.032 -0.409 -0.077		-0.030 -0.443 -0.074
-0.081 -0.409 -0.077		-0.081 -0.443 -0.074
-0.030 -0.443 -0.074		-0.081 -0.443 -0.074
-0.081 -0.269 -0.090		-0.081 -0.244 -0.085
-0.081 -0.269 -0.090		-0.081 -0.247 -0.077
-0.081 -0.244 -0.085		-0.081 -0.247 -0.077
0.081 -0.220 -0.071		0.044 -0.149 -0.070
0.044 -0.149 -0.070		0.049 -0.107 -0.069
0.103 -0.126 -0.070		0.049 -0.107 -0.069
0.103 -0.126 -0.070		0.110 -0.097 -0.074
0.103 -0.126 -0.070		0.282 -0.004 -0.071
0.049 -0.107 -0.069		0.053 -0.070 -0.074
0.110 -0.097 -0.074		0.053 -0.070 -0.074
0.110 -0.097 -0.074		0.114 -0.084 -0.081
0.110 -0.097 -0.074		0.053 -0.070 -0.074
0.110 -0.097 -0.074		0.283 0.010 -0.073
0.114 -0.084 -0.081		0.054 -0.053 -0.081
0.114 -0.084 -0.081		0.283 0.016 -0.076
0.114 -0.084 -0.081		0.114 -0.082 -0.082
0.054 -0.053 -0.081		0.053 -0.070 -0.074
0.114 -0.084 -0.081		0.114 -0.082 -0.082
0.114 -0.084 -0.081		0.054 -0.053 -0.081
0.114 -0.082 -0.082		0.055 -0.051 -0.084
0.114 -0.082 -0.082		0.114 -0.082 -0.085
0.055 -0.051 -0.084		0.054 -0.053 -0.081
0.055 -0.051 -0.084		0.055 -0.051 -0.087
0.114 -0.082 -0.085		0.055 -0.051 -0.087
0.114 -0.082 -0.085		0.114 -0.084 -0.087
0.055 -0.051 -0.087		0.054 -0.053 -0.089
0.114 -0.084 -0.087		0.054 -0.053 -0.089
0.114 -0.084 -0.087		0.112 -0.093 -0.089
0.054 -0.053 -0.089		0.053 -0.065 -0.092
0.112 -0.093 -0.089		0.053 -0.065 -0.092
0.112 -0.093 -0.089		0.102 -0.133 -0.089
0.112 -0.093 -0.089		0.053 -0.065 -0.092
0.102 -0.133 -0.089		0.048 -0.115 -0.091
0.048 -0.115 -0.091		0.053 -0.065 -0.092
0.102 -0.133 -0.089		0.088 -0.189 -0.083
0.102 -0.133 -0.089		0.048 -0.115 -0.091
0.088 -0.189 -0.083		0.044 -0.149 -0.088
0.088 -0.189 -0.083		0.081 -0.220 -0.083
0.044 -0.149 -0.088		0.048 -0.115 -0.091
0.044 -0.149 -0.088		0.081 -0.220 -0.083
0.044 -0.149 -0.088		0.038 -0.287 -0.081
0.081 -0.220 -0.083		0.038 -0.287 -0.081
-0.081 -0.220 -0.071		-0.038 -0.287 -0.071
-0.081 -0.220 -0.071		-0.044 -0.149 -0.070
-0.081 -0.220 -0.071		-0.103 -0.126 -0.070
-0.038 -0.287 -0.071		-0.044 -0.149 -0.070
-0.044 -0.149 -0.070		-0.049 -0.107 -0.069
-0.049 -0.107 -0.069		-0.103 -0.126 -0.070
-0.049 -0.107 -0.069		-0.053 -0.070 -0.074
-0.103 -0.126 -0.070		-0.110 -0.097 -0.074
-0.053 -0.070 -0.074		-0.110 -0.097 -0.074
-0.053 -0.070 -0.074		-0.054 -0.053 -0.081
-0.110 -0.097 -0.074		-0.114 -0.084 -0.081
-0.054 -0.053 -0.081		-0.114 -0.084 -0.081
-0.054 -0.053 -0.081		-0.055 -0.051 -0.084
-0.114 -0.084 -0.081		-0.114 -0.082 -0.082
-0.055 -0.051 -0.084		-0.114 -0.082 -0.082
-0.055 -0.051 -0.084		-0.055 -0.051 -0.087
-0.114 -0.082 -0.082		-0.114 -0.082 -0.085
-0.055 -0.051 -0.087		-0.114 -0.082 -0.085
-0.055 -0.051 -0.087		-0.054 -0.053 -0.089
-0.114 -0.082 -0.085		-0.114 -0.084 -0.087
-0.054 -0.053 -0.089		-0.114 -0.084 -0.087
-0.114 -0.084 -0.087		-0.054 -0.053 -0.089
-0.114 -0.084 -0.087		-0.112 -0.093 -0.089
-0.054 -0.053 -0.089		-0.053 -0.065 -0.092
-0.053 -0.065 -0.092		-0.112 -0.093 -0.089
-0.053 -0.065 -0.092		-0.048 -0.115 -0.091
-0.112 -0.093 -0.089		-0.102 -0.133 -0.089
-0.112 -0.093 -0.089		-0.283 0.012 -0.080
-0.112 -0.093 -0.089		-0.114 -0.084 -0.087
-0.048 -0.115 -0.091		-0.102 -0.133 -0.089
-0.048 -0.115 -0.091		-0.044 -0.149 -0.088
-0.102 -0.133 -0.089		-0.088 -0.189 -0.083
-0.102 -0.133 -0.089		-0.282 -0.007 -0.080
-0.044 -0.149 -0.088		-0.088 -0.189 -0.083
-0.044 -0.149 -0.088		-0.081 -0.220 -0.083
-0.044 -0.149 -0.088		-0.038 -0.287 -0.081
-0.088 -0.189 -0.083		-0.081 -0.220 -0.083
-0.088 -0.189 -0.083		-0.280 -0.034 -0.077
-0.081 -0.220 -0.083		-0.038 -0.287 -0.081
-0.081 -0.220 -0.083		-0.270 -0.056 -0.077
-0.081 -0.220 -0.083		-0.081 -0.244 -0.085
0.278 -0.071 -0.080		0.279 -0.060 -0.077
0.278 -0.071 -0.080		0.279 -0.061 -0.074
0.278 -0.071 -0.080		0.270 -0.079 -0.080
0.279 -0.060 -0.077		0.279 -0.061 -0.074
0.279 -0.060 -0.077		0.279 -0.048 -0.076
0.279 -0.060 -0.077		0.270 -0.068 -0.078
0.279 -0.061 -0.074		0.279 -0.048 -0.076
0.279 -0.061 -0.074		0.279 -0.048 -0.071
0.279 -0.061 -0.074		0.270 -0.069 -0.074
0.279 -0.048 -0.076		0.280 -0.034 -0.077
0.279 -0.048 -0.076		0.270 -0.056 -0.077
0.280 -0.034 -0.077		0.283 0.010 -0.073
0.280 -0.034 -0.077		0.282 -0.007 -0.080
0.280 -0.034 -0.077		0.088 -0.189 -0.083
0.280 -0.034 -0.077		0.270 -0.056 -0.077
0.283 0.010 -0.073		0.282 -0.004 -0.071
0.283 0.010 -0.073		0.283 0.016 -0.076
0.282 -0.004 -0.071		0.279 -0.048 -0.071
0.282 -0.004 -0.071		0.270 -0.056 -0.071
0.279 -0.048 -0.071		0.270 -0.056 -0.071
0.282 -0.007 -0.080		0.283 0.012 -0.080
0.282 -0.007 -0.080		0.102 -0.133 -0.089
0.283 0.012 -0.080		0.283 0.016 -0.079
0.283 0.012 -0.080		0.112 -0.093 -0.089
0.283 0.016 -0.079		0.283 0.017 -0.078
0.283 0.016 -0.079		0.114 -0.084 -0.087
0.283 0.017 -0.078		0.283 0.017 -0.077
0.283 0.017 -0.078		0.114 -0.082 -0.085
0.283 0.017 -0.077		0.283 0.016 -0.076
0.283 0.017 -0.077		0.114 -0.082 -0.082
0.270 -0.056 -0.071		0.270 -0.069 -0.074
0.270 -0.069 -0.074		0.270 -0.079 -0.080
0.270 -0.079 -0.080		0.270 -0.068 -0.078
0.114 -0.082 -0.082		0.114 -0.082 -0.085
0.114 -0.082 -0.085		0.114 -0.084 -0.087
0.114 -0.084 -0.087		0.112 -0.093 -0.089
0.112 -0.093 -0.089		0.102 -0.133 -0.089
0.102 -0.133 -0.089		0.088 -0.189 -0.083
0.270 -0.056 -0.077		0.270 -0.068 -0.078
-0.278 -0.071 -0.080		-0.279 -0.061 -0.074
-0.278 -0.071 -0.080		-0.279 -0.060 -0.077
-0.278 -0.071 -0.080		-0.270 -0.079 -0.080
-0.279 -0.061 -0.074		-0.279 -0.060 -0.077
-0.279 -0.061 -0.074		-0.279 -0.048 -0.076
-0.279 -0.061 -0.074		-0.279 -0.048 -0.071
-0.279 -0.061 -0.074		-0.270 -0.069 -0.074
-0.279 -0.060 -0.077		-0.279 -0.048 -0.076
-0.279 -0.060 -0.077		-0.270 -0.068 -0.078
-0.279 -0.048 -0.076		-0.280 -0.034 -0.077
-0.279 -0.048 -0.076		-0.270 -0.056 -0.077
-0.279 -0.048 -0.071		-0.282 -0.004 -0.071
-0.279 -0.048 -0.071		-0.270 -0.056 -0.071
-0.282 -0.004 -0.071		-0.283 0.010 -0.073
-0.282 -0.004 -0.071		-0.270 -0.056 -0.071
-0.282 -0.004 -0.071		-0.103 -0.126 -0.070
-0.283 0.010 -0.073		-0.280 -0.034 -0.077
-0.283 0.010 -0.073		-0.283 0.016 -0.076
-0.283 0.010 -0.073		-0.110 -0.097 -0.074
-0.280 -0.034 -0.077		-0.282 -0.007 -0.080
-0.280 -0.034 -0.077		-0.270 -0.056 -0.077
-0.283 0.016 -0.076		-0.283 0.017 -0.077
-0.283 0.016 -0.076		-0.114 -0.084 -0.081
-0.283 0.017 -0.077		-0.283 0.017 -0.078
-0.283 0.017 -0.077		-0.114 -0.082 -0.082
-0.283 0.017 -0.078		-0.283 0.016 -0.079
-0.283 0.017 -0.078		-0.114 -0.082 -0.085
-0.283 0.016 -0.079		-0.283 0.012 -0.080
-0.283 0.016 -0.079		-0.114 -0.084 -0.087
-0.283 0.012 -0.080		-0.282 -0.007 -0.080
-0.270 -0.056 -0.071		-0.081 -0.220 -0.071
-0.270 -0.056 -0.071		-0.270 -0.069 -0.074
-0.081 -0.220 -0.071		-0.103 -0.126 -0.070
-0.081 -0.220 -0.071		-0.081 -0.247 -0.077
-0.103 -0.126 -0.070		-0.110 -0.097 -0.074
-0.270 -0.079 -0.080		-0.270 -0.069 -0.074
-0.270 -0.079 -0.080		-0.270 -0.068 -0.078
-0.270 -0.079 -0.080		-0.081 -0.269 -0.090
-0.270 -0.069 -0.074		-0.081 -0.247 -0.077
-0.110 -0.097 -0.074		-0.114 -0.084 -0.081
-0.114 -0.084 -0.081		-0.114 -0.082 -0.082
-0.114 -0.082 -0.082		-0.114 -0.082 -0.085
-0.114 -0.082 -0.085		-0.114 -0.084 -0.087
-0.270 -0.056 -0.077		-0.270 -0.068 -0.078
-0.270 -0.068 -0.078		-0.081 -0.244 -0.085
-0.270 -0.068 -0.078		-0.270 -0.079 -0.080
-0.064 0.103 -0.070		-0.064 0.144 -0.072
-0.064 0.103 -0.070		-0.143 0.066 -0.072
-0.064 0.103 -0.070		-0.064 0.066 -0.070
-0.064 0.144 -0.072		-0.143 0.079 -0.072
-0.064 0.144 -0.072		-0.064 0.103 -0.074
-0.143 0.079 -0.072		-0.143 0.066 -0.072
-0.143 0.079 -0.072		-0.143 0.066 -0.073
-0.143 0.066 -0.072		-0.143 0.054 -0.071
-0.064 0.066 -0.070		-0.143 0.054 -0.071
-0.064 0.066 -0.070		-0.064 0.030 -0.070
-0.143 0.054 -0.071		-0.143 0.042 -0.072
-0.064 0.030 -0.070		-0.143 0.042 -0.072
-0.064 0.030 -0.070		-0.064 -0.007 -0.072
-0.143 0.042 -0.072		-0.143 0.030 -0.072
-0.064 -0.007 -0.072		-0.143 0.030 -0.072
-0.064 0.103 -0.074		-0.143 0.066 -0.073
-0.064 0.103 -0.074		-0.064 0.066 -0.075
-0.143 0.066 -0.073		-0.143 0.054 -0.073
-0.064 0.066 -0.075		-0.143 0.054 -0.073
-0.064 0.066 -0.075		-0.064 0.030 -0.074
-0.143 0.054 -0.073		-0.143 0.042 -0.073
-0.064 0.030 -0.074		-0.143 0.042 -0.073
-0.064 0.030 -0.074		-0.064 -0.007 -0.072
-0.064 0.030 -0.074		-0.143 0.042 -0.073
-0.064 -0.007 -0.072		-0.143 0.030 -0.072
-0.143 0.030 -0.072		-0.143 0.042 -0.073
-0.143 0.030 -0.072		-0.143 0.042 -0.072
-0.143 0.042 -0.073		-0.143 0.054 -0.073
-0.143 0.079 -0.072		-0.143 0.066 -0.073
-0.143 0.079 -0.072		-0.143 0.066 -0.072
-0.143 0.066 -0.073		-0.143 0.054 -0.073
-0.143 0.042 -0.072		-0.143 0.054 -0.071
-0.143 0.054 -0.071		-0.143 0.066 -0.072
0.064 0.144 -0.072		0.064 0.103 -0.070
0.064 0.144 -0.072		0.143 0.079 -0.072
0.064 0.103 -0.070		0.143 0.066 -0.072
0.064 0.103 -0.070		0.064 0.066 -0.070
0.143 0.066 -0.072		0.143 0.079 -0.072
0.143 0.066 -0.072		0.143 0.054 -0.071
0.064 0.066 -0.070		0.143 0.054 -0.071
0.064 0.066 -0.070		0.064 0.030 -0.070
0.143 0.054 -0.071		0.143 0.042 -0.072
0.064 0.030 -0.070		0.143 0.042 -0.072
0.064 0.030 -0.070		0.064 -0.007 -0.072
0.064 0.030 -0.070		0.143 0.042 -0.072
0.064 -0.007 -0.072		0.143 0.030 -0.072
0.064 -0.007 -0.072		0.064 0.030 -0.074
0.143 0.030 -0.072		0.143 0.042 -0.072
0.143 0.030 -0.072		0.143 0.042 -0.073
0.143 0.042 -0.072		0.143 0.054 -0.071
0.143 0.042 -0.072		0.143 0.030 -0.072
0.064 0.103 -0.074		0.064 0.144 -0.072
0.064 0.103 -0.074		0.143 0.066 -0.073
0.064 0.103 -0.074		0.064 0.066 -0.075
0.064 0.144 -0.072		0.143 0.079 -0.072
0.143 0.079 -0.072		0.143 0.066 -0.073
0.143 0.079 -0.072		0.143 0.066 -0.072
0.143 0.079 -0.072		0.143 0.066 -0.073
0.143 0.066 -0.073		0.143 0.054 -0.073
0.064 0.066 -0.075		0.143 0.054 -0.073
0.064 0.066 -0.075		0.064 0.030 -0.074
0.143 0.054 -0.073		0.143 0.042 -0.073
0.064 0.030 -0.074		0.143 0.042 -0.073
0.143 0.066 -0.072		0.143 0.054 -0.071
0.143 0.030 -0.072		0.143 0.042 -0.073
0.143 0.042 -0.073		0.143 0.054 -0.073
0.143 0.054 -0.073		0.143 0.066 -0.073
-0.081 -0.269 -0.090		-0.081 -0.247 -0.077
-0.081 -0.269 -0.090		-0.081 -0.244 -0.085
-0.081 -0.269 -0.090		-0.270 -0.079 -0.080
-0.003 0.136 0.011		-0.006 -0.007 -0.006
-0.003 0.136 0.011		0.003 0.136 0.011
-0.003 0.136 0.011		-0.010 0.137 0.010
-0.006 -0.007 -0.006		0.006 -0.007 -0.006
-0.006 -0.007 -0.006		-0.012 -0.007 -0.007
0.006 -0.007 -0.006		0.003 0.136 0.011
0.006 -0.007 -0.006		0.012 -0.007 -0.007
0.003 0.136 0.011		0.010 0.137 0.010
-0.010 0.137 0.010		-0.012 -0.007 -0.007
-0.010 0.137 0.010		-0.016 0.138 0.006
-0.012 -0.007 -0.007		-0.018 -0.007 -0.011
0.012 -0.007 -0.007		0.010 0.137 0.010
0.012 -0.007 -0.007		0.018 -0.007 -0.011
0.010 0.137 0.010		0.016 0.138 0.006
-0.016 0.138 0.006		-0.018 -0.007 -0.011
-0.016 0.138 0.006		-0.021 0.141 0.001
-0.018 -0.007 -0.011		-0.023 -0.007 -0.016
0.018 -0.007 -0.011		0.016 0.138 0.006
0.018 -0.007 -0.011		0.023 -0.007 -0.016
0.016 0.138 0.006		0.021 0.141 0.001
-0.021 0.141 0.001		-0.023 -0.007 -0.016
-0.021 0.141 0.001		-0.025 0.143 -0.005
-0.023 -0.007 -0.016		-0.026 -0.007 -0.021
0.023 -0.007 -0.016		0.021 0.141 0.001
0.023 -0.007 -0.016		0.026 -0.007 -0.021
0.021 0.141 0.001		0.025 0.143 -0.005
-0.025 0.143 -0.005		-0.026 -0.007 -0.021
-0.025 0.143 -0.005		-0.026 0.145 -0.010
-0.026 -0.007 -0.021		-0.026 0.145 -0.010
-0.026 -0.007 -0.021		-0.026 0.149 -0.021
0.026 -0.007 -0.021		0.025 0.143 -0.005
0.026 -0.007 -0.021		0.026 0.145 -0.010
0.026 -0.007 -0.021		0.026 0.149 -0.021
0.025 0.143 -0.005		0.026 0.145 -0.010
-0.026 0.145 -0.010		-0.026 0.149 -0.021
0.026 0.145 -0.010		0.026 0.149 -0.021
-0.026 0.149 -0.021		-0.026 0.178 -0.021
-0.026 0.149 -0.021		0.026 0.149 -0.021
-0.026 0.149 -0.021		-0.026 0.145 -0.010
-0.026 0.149 -0.021		0.003 0.136 0.011
0.003 0.217 0.007		0.003 0.213 0.008
0.003 0.217 0.007		-0.003 0.217 0.007
0.003 0.213 0.008		-0.003 0.213 0.008
-0.003 0.213 0.008		-0.003 0.217 0.007
0.003 0.217 0.007		0.010 0.217 0.005
0.003 0.217 0.007		0.003 0.213 0.008
0.003 0.217 0.007		-0.003 0.217 0.007
0.003 0.217 0.007		0.003 0.287 -0.021
0.010 0.217 0.005		0.010 0.213 0.006
0.010 0.217 0.005		0.016 0.217 0.001
0.010 0.217 0.005		0.010 0.283 -0.021
0.010 0.213 0.006		0.003 0.213 0.008
0.010 0.213 0.006		0.016 0.213 0.002
0.010 0.213 0.006		0.010 0.178 0.011
0.003 0.213 0.008		-0.003 0.213 0.008
0.003 0.213 0.008		0.003 0.178 0.013
-0.003 0.217 0.007		-0.003 0.213 0.008
-0.003 0.217 0.007		-0.010 0.217 0.005
-0.003 0.217 0.007		-0.003 0.287 -0.021
-0.003 0.213 0.008		-0.010 0.213 0.006
-0.003 0.213 0.008		-0.003 0.178 0.013
-0.010 0.213 0.006		-0.010 0.217 0.005
-0.010 0.213 0.006		-0.016 0.213 0.002
-0.010 0.213 0.006		-0.010 0.178 0.011
-0.010 0.217 0.005		-0.016 0.217 0.001
-0.010 0.217 0.005		-0.010 0.283 -0.021
0.016 0.217 0.001		0.016 0.213 0.002
0.016 0.217 0.001		0.021 0.217 -0.004
0.016 0.217 0.001		0.016 0.273 -0.021
0.016 0.213 0.002		0.021 0.213 -0.003
0.016 0.213 0.002		0.016 0.178 0.007
-0.016 0.213 0.002		-0.016 0.217 0.001
-0.016 0.213 0.002		-0.021 0.213 -0.003
-0.016 0.213 0.002		-0.016 0.178 0.007
-0.016 0.217 0.001		-0.021 0.217 -0.004
-0.016 0.217 0.001		-0.016 0.273 -0.021
0.021 0.217 -0.004		0.021 0.213 -0.003
0.021 0.217 -0.004		0.025 0.217 -0.009
0.021 0.217 -0.004		0.021 0.260 -0.021
0.021 0.213 -0.003		0.025 0.213 -0.009
0.021 0.213 -0.003		0.021 0.178 0.002
-0.021 0.213 -0.003		-0.021 0.217 -0.004
-0.021 0.213 -0.003		-0.025 0.213 -0.009
-0.021 0.213 -0.003		-0.021 0.178 0.002
-0.021 0.217 -0.004		-0.025 0.217 -0.009
-0.021 0.217 -0.004		-0.021 0.260 -0.021
0.025 0.217 -0.009		0.025 0.213 -0.009
0.025 0.217 -0.009		0.026 0.217 -0.015
0.025 0.217 -0.009		0.025 0.246 -0.021
0.025 0.213 -0.009		0.026 0.213 -0.014
0.025 0.213 -0.009		0.025 0.178 -0.004
-0.025 0.213 -0.009		-0.025 0.217 -0.009
-0.025 0.213 -0.009		-0.026 0.213 -0.014
-0.025 0.213 -0.009		-0.025 0.178 -0.004
-0.025 0.217 -0.009		-0.026 0.217 -0.015
-0.025 0.217 -0.009		-0.025 0.246 -0.021
0.026 0.217 -0.015		0.026 0.213 -0.014
0.026 0.217 -0.015		0.026 0.217 -0.021
0.026 0.217 -0.015		0.026 0.234 -0.021
0.026 0.213 -0.014		0.026 0.213 -0.021
0.026 0.213 -0.014		0.026 0.178 -0.009
-0.026 0.213 -0.014		-0.026 0.217 -0.015
-0.026 0.213 -0.014		-0.026 0.213 -0.021
-0.026 0.213 -0.014		-0.026 0.178 -0.009
-0.026 0.217 -0.015		-0.026 0.217 -0.021
-0.026 0.217 -0.015		-0.026 0.234 -0.021
0.026 0.217 -0.021		0.026 0.213 -0.021
0.026 0.217 -0.021		-0.026 0.217 -0.021
0.026 0.217 -0.021		0.026 0.234 -0.021
0.026 0.217 -0.021		0.031 0.217 -0.030
0.026 0.217 -0.021		0.026 0.168 -0.021
0.026 0.213 -0.021		-0.026 0.213 -0.021
0.026 0.213 -0.021		0.026 0.178 -0.021
-0.026 0.213 -0.021		-0.026 0.217 -0.021
-0.026 0.213 -0.021		-0.026 0.178 -0.021
-0.026 0.217 -0.021		-0.026 0.234 -0.021
-0.026 0.217 -0.021		-0.031 0.217 -0.030
-0.026 0.217 -0.021		-0.026 0.168 -0.021
-0.003 0.287 -0.021		-0.010 0.283 -0.021
-0.003 0.287 -0.021		0.003 0.287 -0.021
-0.003 0.287 -0.021		-0.006 0.287 -0.021
-0.010 0.283 -0.021		-0.016 0.273 -0.021
-0.010 0.283 -0.021		-0.006 0.287 -0.021
-0.010 0.283 -0.021		-0.016 0.287 -0.024
-0.016 0.273 -0.021		-0.021 0.260 -0.021
-0.016 0.273 -0.021		-0.016 0.287 -0.024
-0.016 0.273 -0.021		-0.025 0.287 -0.029
-0.021 0.260 -0.021		0.021 0.260 -0.021
-0.021 0.260 -0.021		-0.025 0.246 -0.021
-0.021 0.260 -0.021		-0.025 0.287 -0.029
0.021 0.260 -0.021		0.016 0.273 -0.021
0.021 0.260 -0.021		0.025 0.246 -0.021
0.021 0.260 -0.021		0.025 0.287 -0.029
0.016 0.273 -0.021		0.010 0.283 -0.021
0.016 0.273 -0.021		0.016 0.287 -0.024
0.016 0.273 -0.021		0.025 0.287 -0.029
0.010 0.283 -0.021		0.003 0.287 -0.021
0.010 0.283 -0.021		0.006 0.287 -0.021
0.010 0.283 -0.021		0.016 0.287 -0.024
0.003 0.287 -0.021		0.006 0.287 -0.021
-0.025 0.246 -0.021		-0.026 0.234 -0.021
-0.025 0.246 -0.021		-0.025 0.287 -0.029
-0.025 0.246 -0.021		-0.031 0.287 -0.040
-0.026 0.234 -0.021		-0.031 0.287 -0.040
-0.026 0.234 -0.021		-0.031 0.217 -0.030
0.026 0.234 -0.021		0.025 0.246 -0.021
0.026 0.234 -0.021		0.031 0.287 -0.040
0.026 0.234 -0.021		0.031 0.217 -0.030
0.025 0.246 -0.021		0.025 0.287 -0.029
0.025 0.246 -0.021		0.031 0.287 -0.040
-0.026 0.178 -0.021		0.026 0.178 -0.021
-0.026 0.178 -0.021		-0.026 0.178 -0.009
0.026 0.178 -0.021		0.026 0.149 -0.021
0.026 0.178 -0.021		0.026 0.178 -0.009
0.026 0.149 -0.021		0.026 0.145 -0.010
-0.026 0.145 -0.010		-0.025 0.143 -0.005
-0.026 0.145 -0.010		-0.026 0.178 -0.009
-0.025 0.143 -0.005		-0.021 0.141 0.001
-0.025 0.143 -0.005		-0.025 0.178 -0.004
-0.021 0.141 0.001		-0.016 0.138 0.006
-0.021 0.141 0.001		-0.021 0.178 0.002
-0.016 0.138 0.006		-0.010 0.137 0.010
-0.016 0.138 0.006		-0.016 0.178 0.007
-0.010 0.137 0.010		-0.003 0.136 0.011
-0.010 0.137 0.010		-0.010 0.178 0.011
-0.003 0.136 0.011		0.003 0.136 0.011
-0.003 0.136 0.011		-0.003 0.178 0.013
0.003 0.136 0.011		0.010 0.137 0.010
0.003 0.136 0.011		0.003 0.178 0.013
0.010 0.137 0.010		0.016 0.138 0.006
0.010 0.137 0.010		0.010 0.178 0.011
0.016 0.138 0.006		0.021 0.141 0.001
0.016 0.138 0.006		0.016 0.178 0.007
0.021 0.141 0.001		0.025 0.143 -0.005
0.021 0.141 0.001		0.021 0.178 0.002
0.025 0.143 -0.005		0.026 0.145 -0.010
0.025 0.143 -0.005		0.025 0.178 -0.004
0.026 0.145 -0.010		0.026 0.178 -0.009
-0.003 0.213 0.008		-0.003 0.178 0.013
-0.003 0.178 0.013		0.003 0.178 0.013
-0.003 0.178 0.013		-0.010 0.178 0.011
0.003 0.178 0.013		0.010 0.178 0.011
-0.010 0.178 0.011		-0.016 0.178 0.007
0.010 0.178 0.011		0.016 0.178 0.007
-0.016 0.178 0.007		-0.021 0.178 0.002
0.016 0.178 0.007		0.021 0.178 0.002
-0.021 0.178 0.002		-0.025 0.178 -0.004
0.021 0.178 0.002		0.025 0.178 -0.004
-0.025 0.178 -0.004		-0.026 0.178 -0.009
0.025 0.178 -0.004		0.026 0.178 -0.009
0.000 0.500 -0.058		0.003 0.500 -0.059
0.000 0.500 -0.058		-0.003 0.500 -0.059
0.000 0.500 -0.058		0.000 0.466 -0.046
0.000 0.500 -0.058		0.005 0.466 -0.048
0.000 0.500 -0.058		-0.005 0.466 -0.048
0.003 0.500 -0.059		0.000 0.500 -0.061
0.003 0.500 -0.059		0.013 0.466 -0.057
0.003 0.500 -0.059		0.013 0.466 -0.059
0.003 0.500 -0.059		0.010 0.466 -0.050
0.003 0.500 -0.059		0.013 0.466 -0.056
0.003 0.500 -0.059		0.013 0.466 -0.061
0.003 0.500 -0.059		0.010 0.466 -0.066
0.000 0.500 -0.061		-0.003 0.500 -0.059
0.000 0.500 -0.061		0.005 0.466 -0.068
0.000 0.500 -0.061		-0.005 0.466 -0.068
0.000 0.500 -0.061		0.003 0.466 -0.069
0.000 0.500 -0.061		-0.003 0.466 -0.069
-0.003 0.500 -0.059		-0.010 0.466 -0.050
-0.003 0.500 -0.059		-0.013 0.466 -0.056
-0.003 0.500 -0.059		-0.013 0.466 -0.061
-0.003 0.500 -0.059		-0.010 0.466 -0.066
0.013 0.466 -0.057		0.013 0.466 -0.059
0.013 0.466 -0.057		0.021 0.427 -0.055
0.013 0.466 -0.059		0.021 0.427 -0.058
0.021 0.427 -0.055		0.021 0.427 -0.058
0.000 0.466 -0.046		0.005 0.466 -0.048
0.000 0.466 -0.046		-0.005 0.466 -0.048
0.000 0.466 -0.046		-0.003 0.427 -0.037
0.000 0.466 -0.046		0.003 0.427 -0.037
0.005 0.466 -0.048		0.010 0.466 -0.050
0.005 0.466 -0.048		0.008 0.427 -0.039
-0.005 0.466 -0.048		-0.010 0.466 -0.050
-0.005 0.466 -0.048		-0.008 0.427 -0.039
-0.010 0.466 -0.050		-0.013 0.466 -0.056
-0.010 0.466 -0.050		-0.015 0.427 -0.043
0.010 0.466 -0.050		0.013 0.466 -0.056
0.010 0.466 -0.050		0.015 0.427 -0.043
0.013 0.466 -0.056		0.013 0.466 -0.061
0.013 0.466 -0.056		0.021 0.427 -0.053
-0.013 0.466 -0.056		-0.013 0.466 -0.061
-0.013 0.466 -0.056		-0.021 0.427 -0.053
0.013 0.466 -0.061		0.010 0.466 -0.066
0.013 0.466 -0.061		0.021 0.427 -0.061
-0.013 0.466 -0.061		-0.010 0.466 -0.066
-0.013 0.466 -0.061		-0.021 0.427 -0.061
-0.010 0.466 -0.066		-0.005 0.466 -0.068
-0.010 0.466 -0.066		-0.016 0.427 -0.070
0.010 0.466 -0.066		0.005 0.466 -0.068
0.010 0.466 -0.066		0.016 0.427 -0.070
0.005 0.466 -0.068		0.003 0.466 -0.069
0.005 0.466 -0.068		0.009 0.427 -0.074
-0.005 0.466 -0.068		-0.003 0.466 -0.069
-0.005 0.466 -0.068		-0.009 0.427 -0.074
0.003 0.466 -0.069		-0.003 0.466 -0.069
0.003 0.466 -0.069		0.003 0.427 -0.076
-0.003 0.466 -0.069		-0.003 0.427 -0.076
-0.003 0.427 -0.037		0.003 0.427 -0.037
-0.003 0.427 -0.037		-0.008 0.427 -0.039
-0.003 0.427 -0.037		-0.004 0.384 -0.031
0.003 0.427 -0.037		0.008 0.427 -0.039
0.003 0.427 -0.037		0.004 0.384 -0.031
0.008 0.427 -0.039		0.015 0.427 -0.043
0.008 0.427 -0.039		0.012 0.384 -0.033
-0.008 0.427 -0.039		-0.015 0.427 -0.043
-0.008 0.427 -0.039		-0.012 0.384 -0.033
0.015 0.427 -0.043		0.021 0.427 -0.053
0.015 0.427 -0.043		0.020 0.384 -0.037
-0.015 0.427 -0.043		-0.021 0.427 -0.053
-0.015 0.427 -0.043		-0.020 0.384 -0.037
0.021 0.427 -0.053		0.021 0.427 -0.061
0.021 0.427 -0.053		0.026 0.384 -0.048
-0.021 0.427 -0.053		-0.021 0.427 -0.061
-0.021 0.427 -0.053		-0.026 0.384 -0.048
0.021 0.427 -0.061		0.016 0.427 -0.070
0.021 0.427 -0.061		0.026 0.384 -0.061
-0.021 0.427 -0.061		-0.016 0.427 -0.070
-0.021 0.427 -0.061		-0.026 0.384 -0.061
0.016 0.427 -0.070		0.009 0.427 -0.074
0.016 0.427 -0.070		0.020 0.384 -0.073
-0.016 0.427 -0.070		-0.009 0.427 -0.074
-0.016 0.427 -0.070		-0.020 0.384 -0.073
0.009 0.427 -0.074		0.003 0.427 -0.076
0.009 0.427 -0.074		0.012 0.384 -0.077
-0.009 0.427 -0.074		-0.003 0.427 -0.076
-0.009 0.427 -0.074		-0.012 0.384 -0.077
0.003 0.427 -0.076		-0.003 0.427 -0.076
0.003 0.427 -0.076		0.004 0.384 -0.080
-0.003 0.427 -0.076		-0.004 0.384 -0.080
-0.004 0.384 -0.031		0.004 0.384 -0.031
-0.004 0.384 -0.031		-0.012 0.384 -0.033
-0.004 0.384 -0.031		-0.006 0.287 -0.021
0.004 0.384 -0.031		0.012 0.384 -0.033
0.004 0.384 -0.031		0.006 0.287 -0.021
0.012 0.384 -0.033		0.020 0.384 -0.037
0.012 0.384 -0.033		0.016 0.287 -0.024
-0.012 0.384 -0.033		-0.020 0.384 -0.037
-0.012 0.384 -0.033		-0.016 0.287 -0.024
0.020 0.384 -0.037		0.026 0.384 -0.048
0.020 0.384 -0.037		0.025 0.287 -0.029
-0.020 0.384 -0.037		-0.026 0.384 -0.048
-0.020 0.384 -0.037		-0.025 0.287 -0.029
0.026 0.384 -0.048		0.026 0.384 -0.061
0.026 0.384 -0.048		0.031 0.287 -0.040
-0.026 0.384 -0.048		-0.026 0.384 -0.061
-0.026 0.384 -0.048		-0.031 0.287 -0.040
0.026 0.384 -0.061		0.020 0.384 -0.073
0.026 0.384 -0.061		0.031 0.287 -0.071
-0.026 0.384 -0.061		-0.020 0.384 -0.073
-0.026 0.384 -0.061		-0.031 0.287 -0.071
0.020 0.384 -0.073		0.012 0.384 -0.077
0.020 0.384 -0.073		0.027 0.287 -0.078
-0.020 0.384 -0.073		-0.012 0.384 -0.077
-0.020 0.384 -0.073		-0.027 0.287 -0.078
0.012 0.384 -0.077		0.004 0.384 -0.080
0.012 0.384 -0.077		0.019 0.287 -0.082
-0.012 0.384 -0.077		-0.004 0.384 -0.080
-0.012 0.384 -0.077		-0.019 0.287 -0.082
0.004 0.384 -0.080		-0.004 0.384 -0.080
0.004 0.384 -0.080		0.010 0.287 -0.085
-0.004 0.384 -0.080		-0.010 0.287 -0.085
-0.006 0.287 -0.021		0.006 0.287 -0.021
-0.006 0.287 -0.021		-0.016 0.287 -0.024
0.006 0.287 -0.021		0.016 0.287 -0.024
0.016 0.287 -0.024		0.025 0.287 -0.029
-0.016 0.287 -0.024		-0.025 0.287 -0.029
0.025 0.287 -0.029		0.031 0.287 -0.040
-0.025 0.287 -0.029		-0.031 0.287 -0.040
0.031 0.287 -0.040		0.031 0.287 -0.071
0.031 0.287 -0.040		0.031 0.217 -0.030
-0.031 0.287 -0.040		-0.031 0.287 -0.071
-0.031 0.287 -0.040		-0.031 0.217 -0.030
0.031 0.287 -0.071		0.027 0.287 -0.078
0.031 0.287 -0.071		0.031 0.217 -0.072
-0.031 0.287 -0.071		-0.027 0.287 -0.078
-0.031 0.287 -0.071		-0.031 0.217 -0.072
0.027 0.287 -0.078		0.019 0.287 -0.082
0.027 0.287 -0.078		0.027 0.217 -0.080
-0.027 0.287 -0.078		-0.019 0.287 -0.082
-0.027 0.287 -0.078		-0.027 0.217 -0.080
0.019 0.287 -0.082		0.010 0.287 -0.085
0.019 0.287 -0.082		0.019 0.217 -0.084
-0.019 0.287 -0.082		-0.010 0.287 -0.085
-0.019 0.287 -0.082		-0.019 0.217 -0.084
0.010 0.287 -0.085		-0.010 0.287 -0.085
0.010 0.287 -0.085		0.011 0.217 -0.086
-0.010 0.287 -0.085		-0.011 0.217 -0.086
-0.031 0.217 -0.030		-0.031 0.217 -0.072
-0.031 0.217 -0.030		-0.031 0.168 -0.030
0.031 0.217 -0.030		0.031 0.217 -0.072
0.031 0.217 -0.030		0.031 0.168 -0.030
0.031 0.217 -0.072		0.027 0.217 -0.080
0.031 0.217 -0.072		0.031 0.168 -0.073
-0.031 0.217 -0.072		-0.027 0.217 -0.080
-0.031 0.217 -0.072		-0.031 0.168 -0.073
0.027 0.217 -0.080		0.019 0.217 -0.084
0.027 0.217 -0.080		0.027 0.168 -0.081
-0.027 0.217 -0.080		-0.019 0.217 -0.084
-0.027 0.217 -0.080		-0.027 0.168 -0.081
0.019 0.217 -0.084		0.011 0.217 -0.086
0.019 0.217 -0.084		0.019 0.168 -0.085
-0.019 0.217 -0.084		-0.011 0.217 -0.086
-0.019 0.217 -0.084		-0.019 0.168 -0.085
0.011 0.217 -0.086		-0.011 0.217 -0.086
0.011 0.217 -0.086		0.011 0.168 -0.087
-0.011 0.217 -0.086		-0.011 0.168 -0.087
0.026 0.168 -0.021		0.031 0.168 -0.030
0.026 0.168 -0.021		0.026 -0.007 -0.021
0.031 0.168 -0.030		0.031 0.168 -0.073
0.031 0.168 -0.030		0.026 -0.007 -0.021
-0.031 0.168 -0.030		-0.026 0.168 -0.021
-0.031 0.168 -0.030		-0.031 0.168 -0.073
-0.031 0.168 -0.030		-0.026 -0.007 -0.021
-0.026 0.168 -0.021		-0.026 -0.007 -0.021
0.031 0.168 -0.073		0.027 0.168 -0.081
0.031 0.168 -0.073		0.026 -0.007 -0.100
-0.031 0.168 -0.073		-0.027 0.168 -0.081
-0.031 0.168 -0.073		-0.026 -0.007 -0.100
0.027 0.168 -0.081		0.019 0.168 -0.085
0.027 0.168 -0.081		0.026 -0.007 -0.100
-0.027 0.168 -0.081		-0.019 0.168 -0.085
-0.027 0.168 -0.081		-0.026 -0.007 -0.100
0.019 0.168 -0.085		0.011 0.168 -0.087
0.019 0.168 -0.085		0.026 -0.007 -0.100
-0.019 0.168 -0.085		-0.011 0.168 -0.087
-0.019 0.168 -0.085		-0.026 -0.007 -0.100
0.011 0.168 -0.087		-0.011 0.168 -0.087
0.011 0.168 -0.087		0.026 -0.007 -0.100
-0.011 0.168 -0.087		-0.026 -0.007 -0.100
0.026 -0.007 -0.021		0.026 -0.007 -0.100
0.026 -0.007 -0.021		0.023 -0.051 -0.020
0.026 -0.007 -0.021		0.042 -0.007 -0.021
0.026 -0.007 -0.021		0.023 -0.007 -0.016
0.026 -0.007 -0.021		0.030 0.136 -0.061
-0.026 -0.007 -0.021		-0.026 -0.007 -0.100
-0.026 -0.007 -0.021		-0.023 -0.007 -0.016
-0.026 -0.007 -0.021		-0.023 -0.051 -0.020
-0.026 -0.007 -0.021		-0.042 -0.007 -0.021
-0.026 -0.007 -0.021		-0.030 0.136 -0.061
0.026 -0.007 -0.100		-0.026 -0.007 -0.100
0.026 -0.007 -0.100		0.042 -0.051 -0.103
0.026 -0.007 -0.100		0.042 -0.007 -0.100
0.026 -0.007 -0.100		0.030 0.136 -0.061
-0.026 -0.007 -0.100		-0.042 -0.051 -0.103
-0.026 -0.007 -0.100		-0.042 -0.007 -0.100
-0.026 -0.007 -0.100		-0.030 0.136 -0.061
0.023 -0.051 -0.020		0.042 -0.051 -0.020
0.023 -0.051 -0.020		0.018 -0.051 -0.015
0.023 -0.051 -0.020		0.023 -0.007 -0.016
0.023 -0.051 -0.020		0.010 -0.149 -0.016
0.042 -0.051 -0.020		0.042 -0.007 -0.021
0.042 -0.051 -0.020		0.056 -0.007 -0.021
0.042 -0.051 -0.020		0.051 -0.051 -0.025
0.042 -0.051 -0.020		0.016 -0.149 -0.016
0.042 -0.051 -0.020		0.027 -0.149 -0.019
0.042 -0.007 -0.021		0.056 -0.007 -0.021
0.042 -0.007 -0.021		0.042 -0.007 -0.100
0.042 -0.007 -0.021		0.042 0.136 -0.061
0.042 -0.007 -0.021		0.044 0.045 -0.024
0.042 -0.007 -0.021		0.042 0.045 -0.027
0.042 -0.007 -0.021		0.043 0.045 -0.025
-0.006 -0.007 -0.006		-0.006 -0.051 -0.009
-0.006 -0.007 -0.006		0.006 -0.007 -0.006
-0.006 -0.007 -0.006		-0.012 -0.007 -0.007
-0.006 -0.051 -0.009		0.006 -0.051 -0.009
-0.006 -0.051 -0.009		-0.012 -0.051 -0.011
-0.006 -0.051 -0.009		-0.010 -0.149 -0.016
0.006 -0.051 -0.009		0.006 -0.007 -0.006
0.006 -0.051 -0.009		0.012 -0.051 -0.011
0.006 -0.051 -0.009		0.010 -0.149 -0.016
0.006 -0.007 -0.006		0.012 -0.007 -0.007
-0.012 -0.007 -0.007		-0.012 -0.051 -0.011
-0.012 -0.007 -0.007		-0.018 -0.007 -0.011
-0.012 -0.051 -0.011		-0.018 -0.051 -0.015
-0.012 -0.051 -0.011		-0.010 -0.149 -0.016
0.012 -0.051 -0.011		0.012 -0.007 -0.007
0.012 -0.051 -0.011		0.018 -0.051 -0.015
0.012 -0.051 -0.011		0.010 -0.149 -0.016
0.012 -0.007 -0.007		0.018 -0.007 -0.011
-0.018 -0.007 -0.011		-0.018 -0.051 -0.015
-0.018 -0.007 -0.011		-0.023 -0.007 -0.016
-0.018 -0.051 -0.015		-0.023 -0.051 -0.020
-0.018 -0.051 -0.015		-0.010 -0.149 -0.016
0.018 -0.051 -0.015		0.018 -0.007 -0.011
0.018 -0.051 -0.015		0.010 -0.149 -0.016
0.018 -0.007 -0.011		0.023 -0.007 -0.016
-0.023 -0.007 -0.016		-0.023 -0.051 -0.020
-0.023 -0.051 -0.020		-0.042 -0.051 -0.020
-0.023 -0.051 -0.020		-0.010 -0.149 -0.016
-0.042 -0.007 -0.021		-0.042 -0.051 -0.020
-0.042 -0.007 -0.021		-0.056 -0.007 -0.021
-0.042 -0.007 -0.021		-0.042 -0.007 -0.100
-0.042 -0.007 -0.021		-0.042 0.136 -0.061
-0.042 -0.007 -0.021		-0.044 0.045 -0.024
-0.042 -0.007 -0.021		-0.042 0.045 -0.027
-0.042 -0.007 -0.021		-0.043 0.045 -0.025
-0.042 -0.051 -0.020		-0.056 -0.007 -0.021
-0.042 -0.051 -0.020		-0.051 -0.051 -0.025
-0.042 -0.051 -0.020		-0.016 -0.149 -0.016
-0.042 -0.051 -0.020		-0.027 -0.149 -0.019
0.056 -0.007 -0.021		0.062 -0.007 -0.025
0.056 -0.007 -0.021		0.061 0.045 -0.024
-0.056 -0.007 -0.021		-0.062 -0.007 -0.025
-0.056 -0.007 -0.021		-0.061 0.045 -0.024
0.051 -0.051 -0.025		0.062 -0.007 -0.025
0.051 -0.051 -0.025		0.055 -0.051 -0.032
0.051 -0.051 -0.025		0.039 -0.149 -0.026
0.062 -0.007 -0.025		0.064 -0.007 -0.028
0.062 -0.007 -0.025		0.063 0.045 -0.025
-0.062 -0.007 -0.025		-0.051 -0.051 -0.025
-0.062 -0.007 -0.025		-0.064 -0.007 -0.028
-0.062 -0.007 -0.025		-0.063 0.045 -0.025
-0.051 -0.051 -0.025		-0.055 -0.051 -0.032
-0.051 -0.051 -0.025		-0.039 -0.149 -0.026
0.055 -0.051 -0.032		0.064 -0.007 -0.028
0.055 -0.051 -0.032		0.055 -0.051 -0.093
0.055 -0.051 -0.032		0.044 -0.149 -0.035
0.064 -0.007 -0.028		0.064 -0.007 -0.091
0.064 -0.007 -0.028		0.064 0.045 -0.027
-0.064 -0.007 -0.028		-0.055 -0.051 -0.032
-0.064 -0.007 -0.028		-0.064 -0.007 -0.091
-0.064 -0.007 -0.028		-0.064 0.045 -0.027
-0.055 -0.051 -0.032		-0.055 -0.051 -0.093
-0.055 -0.051 -0.032		-0.044 -0.149 -0.035
0.055 -0.051 -0.093		0.064 -0.007 -0.091
0.055 -0.051 -0.093		0.053 -0.051 -0.098
0.055 -0.051 -0.093		0.044 -0.149 -0.090
0.064 -0.007 -0.091		0.053 -0.051 -0.098
0.064 -0.007 -0.091		0.060 -0.007 -0.098
0.064 -0.007 -0.091		0.064 0.045 -0.091
-0.064 -0.007 -0.091		-0.055 -0.051 -0.093
-0.064 -0.007 -0.091		-0.053 -0.051 -0.098
-0.064 -0.007 -0.091		-0.060 -0.007 -0.098
-0.064 -0.007 -0.091		-0.064 0.045 -0.091
-0.055 -0.051 -0.093		-0.053 -0.051 -0.098
-0.055 -0.051 -0.093		-0.044 -0.149 -0.090
0.053 -0.051 -0.098		0.060 -0.007 -0.098
0.053 -0.051 -0.098		0.051 -0.051 -0.101
0.053 -0.051 -0.098		0.043 -0.149 -0.094
-0.053 -0.051 -0.098		-0.060 -0.007 -0.098
-0.053 -0.051 -0.098		-0.051 -0.051 -0.101
-0.053 -0.051 -0.098		-0.043 -0.149 -0.094
0.060 -0.007 -0.098		0.051 -0.051 -0.101
0.060 -0.007 -0.098		0.042 -0.051 -0.103
0.060 -0.007 -0.098		0.055 -0.007 -0.100
0.060 -0.007 -0.098		0.063 0.045 -0.093
-0.060 -0.007 -0.098		-0.051 -0.051 -0.101
-0.060 -0.007 -0.098		-0.042 -0.051 -0.103
-0.060 -0.007 -0.098		-0.055 -0.007 -0.100
-0.060 -0.007 -0.098		-0.063 0.045 -0.093
0.051 -0.051 -0.101		0.042 -0.051 -0.103
0.051 -0.051 -0.101		0.037 -0.149 -0.100
-0.051 -0.051 -0.101		-0.042 -0.051 -0.103
-0.051 -0.051 -0.101		-0.037 -0.149 -0.100
0.042 -0.051 -0.103		-0.042 -0.051 -0.103
0.042 -0.051 -0.103		0.055 -0.007 -0.100
0.042 -0.051 -0.103		0.042 -0.007 -0.100
0.042 -0.051 -0.103		0.021 -0.149 -0.104
-0.042 -0.051 -0.103		-0.055 -0.007 -0.100
-0.042 -0.051 -0.103		-0.042 -0.007 -0.100
-0.042 -0.051 -0.103		-0.021 -0.149 -0.104
0.055 -0.007 -0.100		0.042 -0.007 -0.100
0.055 -0.007 -0.100		0.061 0.045 -0.094
-0.055 -0.007 -0.100		-0.042 -0.007 -0.100
-0.055 -0.007 -0.100		-0.061 0.045 -0.094
0.042 -0.007 -0.100		0.042 0.136 -0.061
0.042 -0.007 -0.100		0.044 0.045 -0.094
0.042 -0.007 -0.100		0.043 0.045 -0.093
0.042 -0.007 -0.100		0.042 0.045 -0.091
-0.042 -0.007 -0.100		-0.042 0.136 -0.061
-0.042 -0.007 -0.100		-0.044 0.045 -0.094
-0.042 -0.007 -0.100		-0.043 0.045 -0.093
-0.042 -0.007 -0.100		-0.042 0.045 -0.091
0.010 -0.149 -0.016		0.016 -0.149 -0.016
0.010 -0.149 -0.016		-0.010 -0.149 -0.016
0.010 -0.149 -0.016		0.006 -0.287 -0.021
0.016 -0.149 -0.016		0.027 -0.149 -0.019
0.016 -0.149 -0.016		0.006 -0.287 -0.021
-0.010 -0.149 -0.016		-0.016 -0.149 -0.016
-0.010 -0.149 -0.016		-0.006 -0.287 -0.021
-0.016 -0.149 -0.016		-0.027 -0.149 -0.019
-0.016 -0.149 -0.016		-0.006 -0.287 -0.021
0.027 -0.149 -0.019		0.039 -0.149 -0.026
0.027 -0.149 -0.019		0.020 -0.287 -0.025
-0.027 -0.149 -0.019		-0.039 -0.149 -0.026
-0.027 -0.149 -0.019		-0.020 -0.287 -0.025
0.039 -0.149 -0.026		0.044 -0.149 -0.035
0.039 -0.149 -0.026		0.032 -0.287 -0.032
-0.039 -0.149 -0.026		-0.044 -0.149 -0.035
-0.039 -0.149 -0.026		-0.032 -0.287 -0.032
0.044 -0.149 -0.035		0.044 -0.149 -0.090
0.044 -0.149 -0.035		0.038 -0.287 -0.042
-0.044 -0.149 -0.035		-0.044 -0.149 -0.090
-0.044 -0.149 -0.035		-0.038 -0.287 -0.042
0.044 -0.149 -0.090		0.043 -0.149 -0.094
0.044 -0.149 -0.090		0.038 -0.287 -0.085
-0.044 -0.149 -0.090		-0.043 -0.149 -0.094
-0.044 -0.149 -0.090		-0.038 -0.287 -0.085
0.043 -0.149 -0.094		0.037 -0.149 -0.100
0.043 -0.149 -0.094		0.036 -0.287 -0.090
-0.043 -0.149 -0.094		-0.037 -0.149 -0.100
-0.043 -0.149 -0.094		-0.036 -0.287 -0.090
0.037 -0.149 -0.100		0.021 -0.149 -0.104
0.037 -0.149 -0.100		0.031 -0.287 -0.095
-0.037 -0.149 -0.100		-0.021 -0.149 -0.104
-0.037 -0.149 -0.100		-0.031 -0.287 -0.095
0.021 -0.149 -0.104		-0.021 -0.149 -0.104
0.021 -0.149 -0.104		0.007 -0.287 -0.102
-0.021 -0.149 -0.104		-0.007 -0.287 -0.102
-0.006 -0.287 -0.021		0.006 -0.287 -0.021
-0.006 -0.287 -0.021		-0.020 -0.287 -0.025
-0.006 -0.287 -0.021		-0.005 -0.451 -0.035
0.006 -0.287 -0.021		0.020 -0.287 -0.025
0.006 -0.287 -0.021		0.005 -0.451 -0.035
0.020 -0.287 -0.025		0.032 -0.287 -0.032
0.020 -0.287 -0.025		0.012 -0.451 -0.037
-0.020 -0.287 -0.025		-0.032 -0.287 -0.032
-0.020 -0.287 -0.025		-0.012 -0.451 -0.037
0.032 -0.287 -0.032		0.038 -0.287 -0.042
0.032 -0.287 -0.032		0.023 -0.451 -0.044
-0.032 -0.287 -0.032		-0.038 -0.287 -0.042
-0.032 -0.287 -0.032		-0.023 -0.451 -0.044
0.038 -0.287 -0.042		0.038 -0.287 -0.085
0.038 -0.287 -0.042		0.030 -0.451 -0.055
-0.038 -0.287 -0.042		-0.038 -0.287 -0.085
-0.038 -0.287 -0.042		-0.030 -0.451 -0.055
0.038 -0.287 -0.085		0.036 -0.287 -0.090
0.038 -0.287 -0.085		0.030 -0.451 -0.077
-0.038 -0.287 -0.085		-0.036 -0.287 -0.090
-0.038 -0.287 -0.085		-0.030 -0.451 -0.077
0.036 -0.287 -0.090		0.031 -0.287 -0.095
0.036 -0.287 -0.090		0.029 -0.451 -0.082
-0.036 -0.287 -0.090		-0.031 -0.287 -0.095
-0.036 -0.287 -0.090		-0.029 -0.451 -0.082
0.031 -0.287 -0.095		0.007 -0.287 -0.102
0.031 -0.287 -0.095		0.021 -0.451 -0.090
-0.031 -0.287 -0.095		-0.007 -0.287 -0.102
-0.031 -0.287 -0.095		-0.021 -0.451 -0.090
0.007 -0.287 -0.102		-0.007 -0.287 -0.102
0.007 -0.287 -0.102		0.010 -0.451 -0.093
-0.007 -0.287 -0.102		-0.010 -0.451 -0.093
-0.005 -0.451 -0.035		0.005 -0.451 -0.035
-0.005 -0.451 -0.035		-0.012 -0.451 -0.037
-0.005 -0.451 -0.035		-0.002 -0.492 -0.045
0.005 -0.451 -0.035		0.012 -0.451 -0.037
0.005 -0.451 -0.035		0.002 -0.492 -0.045
0.012 -0.451 -0.037		0.023 -0.451 -0.044
0.012 -0.451 -0.037		0.007 -0.492 -0.047
-0.012 -0.451 -0.037		-0.023 -0.451 -0.044
-0.012 -0.451 -0.037		-0.007 -0.492 -0.047
0.023 -0.451 -0.044		0.030 -0.451 -0.055
0.023 -0.451 -0.044		0.012 -0.492 -0.049
0.023 -0.451 -0.044		0.015 -0.492 -0.053
-0.023 -0.451 -0.044		-0.030 -0.451 -0.055
-0.023 -0.451 -0.044		-0.012 -0.492 -0.049
-0.023 -0.451 -0.044		-0.015 -0.492 -0.053
0.030 -0.451 -0.055		0.030 -0.451 -0.077
0.030 -0.451 -0.055		0.018 -0.492 -0.057
0.030 -0.451 -0.055		0.019 -0.492 -0.061
-0.030 -0.451 -0.055		-0.030 -0.451 -0.077
-0.030 -0.451 -0.055		-0.018 -0.492 -0.057
-0.030 -0.451 -0.055		-0.019 -0.492 -0.061
0.030 -0.451 -0.077		0.029 -0.451 -0.082
0.030 -0.451 -0.077		0.019 -0.492 -0.066
-0.030 -0.451 -0.077		-0.029 -0.451 -0.082
-0.030 -0.451 -0.077		-0.019 -0.492 -0.066
0.029 -0.451 -0.082		0.021 -0.451 -0.090
0.029 -0.451 -0.082		0.018 -0.492 -0.071
0.029 -0.451 -0.082		0.015 -0.492 -0.075
-0.029 -0.451 -0.082		-0.021 -0.451 -0.090
-0.029 -0.451 -0.082		-0.018 -0.492 -0.071
-0.029 -0.451 -0.082		-0.015 -0.492 -0.075
0.021 -0.451 -0.090		0.010 -0.451 -0.093
0.021 -0.451 -0.090		0.011 -0.492 -0.079
0.021 -0.451 -0.090		0.007 -0.492 -0.081
-0.021 -0.451 -0.090		-0.010 -0.451 -0.093
-0.021 -0.451 -0.090		-0.011 -0.492 -0.079
-0.021 -0.451 -0.090		-0.007 -0.492 -0.081
0.010 -0.451 -0.093		-0.010 -0.451 -0.093
0.010 -0.451 -0.093		0.002 -0.492 -0.083
-0.010 -0.451 -0.093		-0.002 -0.492 -0.083
-0.002 -0.492 -0.045		0.002 -0.492 -0.045
-0.002 -0.492 -0.045		-0.007 -0.492 -0.047
-0.002 -0.492 -0.045		0.000 -0.287 -0.061
0.002 -0.492 -0.045		0.007 -0.492 -0.047
0.002 -0.492 -0.045		0.000 -0.287 -0.061
0.007 -0.492 -0.047		0.012 -0.492 -0.049
0.007 -0.492 -0.047		0.000 -0.287 -0.061
-0.007 -0.492 -0.047		-0.012 -0.492 -0.049
-0.007 -0.492 -0.047		0.000 -0.287 -0.061
0.012 -0.492 -0.049		0.015 -0.492 -0.053
0.012 -0.492 -0.049		0.000 -0.287 -0.061
-0.012 -0.492 -0.049		-0.015 -0.492 -0.053
-0.012 -0.492 -0.049		0.000 -0.287 -0.061
0.015 -0.492 -0.053		0.018 -0.492 -0.057
0.015 -0.492 -0.053		0.000 -0.287 -0.061
-0.015 -0.492 -0.053		-0.018 -0.492 -0.057
-0.015 -0.492 -0.053		0.000 -0.287 -0.061
0.018 -0.492 -0.057		0.019 -0.492 -0.061
0.018 -0.492 -0.057		0.000 -0.287 -0.061
-0.018 -0.492 -0.057		-0.019 -0.492 -0.061
-0.018 -0.492 -0.057		0.000 -0.287 -0.061
0.019 -0.492 -0.061		0.019 -0.492 -0.066
0.019 -0.492 -0.061		0.000 -0.287 -0.061
-0.019 -0.492 -0.061		-0.019 -0.492 -0.066
-0.019 -0.492 -0.061		0.000 -0.287 -0.061
0.019 -0.492 -0.066		0.018 -0.492 -0.071
0.019 -0.492 -0.066		0.000 -0.287 -0.061
-0.019 -0.492 -0.066		-0.018 -0.492 -0.071
-0.019 -0.492 -0.066		0.000 -0.287 -0.061
0.018 -0.492 -0.071		0.015 -0.492 -0.075
0.018 -0.492 -0.071		0.000 -0.287 -0.061
-0.018 -0.492 -0.071		-0.015 -0.492 -0.075
-0.018 -0.492 -0.071		0.000 -0.287 -0.061
0.015 -0.492 -0.075		0.011 -0.492 -0.079
0.015 -0.492 -0.075		0.000 -0.287 -0.061
-0.015 -0.492 -0.075		-0.011 -0.492 -0.079
-0.015 -0.492 -0.075		0.000 -0.287 -0.061
0.011 -0.492 -0.079		0.007 -0.492 -0.081
0.011 -0.492 -0.079		0.000 -0.287 -0.061
-0.011 -0.492 -0.079		-0.007 -0.492 -0.081
-0.011 -0.492 -0.079		0.000 -0.287 -0.061
0.007 -0.492 -0.081		0.002 -0.492 -0.083
0.007 -0.492 -0.081		0.000 -0.287 -0.061
-0.007 -0.492 -0.081		-0.002 -0.492 -0.083
-0.007 -0.492 -0.081		0.000 -0.287 -0.061
0.002 -0.492 -0.083		-0.002 -0.492 -0.083
0.002 -0.492 -0.083		0.000 -0.287 -0.061
-0.002 -0.492 -0.083		0.000 -0.287 -0.061
0.042 0.136 -0.061		0.030 0.136 -0.061
0.061 0.045 -0.024		0.044 0.045 -0.024
0.061 0.045 -0.024		0.063 0.045 -0.025
0.061 0.045 -0.024		0.061 0.160 -0.032
0.044 0.045 -0.024		0.043 0.045 -0.025
0.044 0.045 -0.024		0.044 0.160 -0.032
0.063 0.045 -0.025		0.064 0.045 -0.027
0.063 0.045 -0.025		0.061 0.160 -0.032
0.063 0.045 -0.025		0.064 0.159 -0.034
0.064 0.045 -0.027		0.064 0.105 -0.078
0.064 0.045 -0.027		0.064 0.159 -0.034
0.064 0.045 -0.091		0.064 0.105 -0.078
0.064 0.045 -0.091		0.063 0.045 -0.093
0.064 0.105 -0.078		0.063 0.105 -0.080
0.064 0.105 -0.078		0.064 0.152 -0.072
0.063 0.045 -0.093		0.061 0.045 -0.094
0.063 0.045 -0.093		0.063 0.105 -0.080
0.061 0.045 -0.094		0.044 0.045 -0.094
0.061 0.045 -0.094		0.061 0.105 -0.081
0.044 0.045 -0.094		0.043 0.045 -0.093
0.044 0.045 -0.094		0.044 0.105 -0.081
0.043 0.045 -0.093		0.042 0.045 -0.091
0.043 0.045 -0.093		0.043 0.105 -0.080
0.042 0.045 -0.091		0.042 0.105 -0.078
0.042 0.105 -0.078		0.042 0.045 -0.027
0.042 0.105 -0.078		0.043 0.105 -0.080
0.042 0.105 -0.078		0.042 0.152 -0.072
0.042 0.045 -0.027		0.043 0.045 -0.025
0.042 0.045 -0.027		0.042 0.159 -0.034
0.043 0.045 -0.025		0.044 0.160 -0.032
0.043 0.045 -0.025		0.042 0.159 -0.034
0.063 0.105 -0.080		0.061 0.105 -0.081
0.063 0.105 -0.080		0.064 0.152 -0.072
0.063 0.105 -0.080		0.061 0.151 -0.074
0.061 0.105 -0.081		0.044 0.105 -0.081
0.061 0.105 -0.081		0.061 0.151 -0.074
0.044 0.105 -0.081		0.043 0.105 -0.080
0.044 0.105 -0.081		0.044 0.151 -0.074
0.043 0.105 -0.080		0.044 0.151 -0.074
0.043 0.105 -0.080		0.042 0.152 -0.072
0.061 0.160 -0.032		0.044 0.160 -0.032
0.061 0.160 -0.032		0.064 0.159 -0.034
0.044 0.160 -0.032		0.042 0.159 -0.034
0.064 0.159 -0.034		0.064 0.152 -0.072
0.064 0.152 -0.072		0.061 0.151 -0.074
0.061 0.151 -0.074		0.044 0.151 -0.074
0.044 0.151 -0.074		0.042 0.152 -0.072
0.042 0.152 -0.072		0.042 0.159 -0.034
0.042 0.152 -0.072		0.043 0.152 -0.073
0.042 0.152 -0.072		0.043 0.155 -0.072
0.042 0.152 -0.072		0.043 0.161 -0.071
0.042 0.152 -0.072		0.043 0.163 -0.069
0.042 0.159 -0.034		0.043 0.169 -0.039
0.042 0.159 -0.034		0.043 0.168 -0.035
0.042 0.159 -0.034		0.043 0.164 -0.033
0.042 0.159 -0.034		0.043 0.159 -0.033
0.043 0.152 -0.073		0.043 0.155 -0.072
0.043 0.152 -0.073		0.043 0.159 -0.033
0.043 0.155 -0.072		0.043 0.161 -0.071
0.043 0.161 -0.071		0.043 0.163 -0.069
0.043 0.163 -0.069		0.043 0.169 -0.039
0.043 0.169 -0.039		0.043 0.168 -0.035
0.043 0.168 -0.035		0.043 0.164 -0.033
0.043 0.164 -0.033		0.043 0.159 -0.033
-0.030 0.136 -0.061		-0.042 0.136 -0.061
-0.061 0.045 -0.024		-0.044 0.045 -0.024
-0.061 0.045 -0.024		-0.063 0.045 -0.025
-0.061 0.045 -0.024		-0.061 0.160 -0.032
-0.044 0.045 -0.024		-0.043 0.045 -0.025
-0.044 0.045 -0.024		-0.044 0.160 -0.032
-0.063 0.045 -0.025		-0.064 0.045 -0.027
-0.063 0.045 -0.025		-0.061 0.160 -0.032
-0.063 0.045 -0.025		-0.064 0.159 -0.034
-0.064 0.045 -0.027		-0.064 0.105 -0.078
-0.064 0.045 -0.027		-0.064 0.159 -0.034
-0.064 0.105 -0.078		-0.064 0.045 -0.091
-0.064 0.105 -0.078		-0.063 0.105 -0.080
-0.064 0.105 -0.078		-0.064 0.152 -0.072
-0.064 0.045 -0.091		-0.063 0.045 -0.093
-0.063 0.045 -0.093		-0.061 0.045 -0.094
-0.063 0.045 -0.093		-0.063 0.105 -0.080
-0.061 0.045 -0.094		-0.044 0.045 -0.094
-0.061 0.045 -0.094		-0.061 0.105 -0.081
-0.044 0.045 -0.094		-0.043 0.045 -0.093
-0.044 0.045 -0.094		-0.044 0.105 -0.081
-0.043 0.045 -0.093		-0.042 0.045 -0.091
-0.043 0.045 -0.093		-0.043 0.105 -0.080
-0.042 0.045 -0.091		-0.042 0.105 -0.078
-0.042 0.105 -0.078		-0.042 0.045 -0.027
-0.042 0.105 -0.078		-0.043 0.105 -0.080
-0.042 0.105 -0.078		-0.042 0.152 -0.072
-0.042 0.045 -0.027		-0.043 0.045 -0.025
-0.042 0.045 -0.027		-0.042 0.159 -0.034
-0.043 0.045 -0.025		-0.044 0.160 -0.032
-0.043 0.045 -0.025		-0.042 0.159 -0.034
-0.063 0.105 -0.080		-0.061 0.105 -0.081
-0.063 0.105 -0.080		-0.064 0.152 -0.072
-0.063 0.105 -0.080		-0.061 0.151 -0.074
-0.061 0.105 -0.081		-0.044 0.105 -0.081
-0.061 0.105 -0.081		-0.061 0.151 -0.074
-0.044 0.105 -0.081		-0.043 0.105 -0.080
-0.044 0.105 -0.081		-0.044 0.151 -0.074
-0.043 0.105 -0.080		-0.044 0.151 -0.074
-0.043 0.105 -0.080		-0.042 0.152 -0.072
-0.061 0.160 -0.032		-0.044 0.160 -0.032
-0.061 0.160 -0.032		-0.064 0.159 -0.034
-0.044 0.160 -0.032		-0.042 0.159 -0.034
-0.064 0.159 -0.034		-0.064 0.152 -0.072
-0.064 0.152 -0.072		-0.061 0.151 -0.074
-0.061 0.151 -0.074		-0.044 0.151 -0.074
-0.044 0.151 -0.074		-0.042 0.152 -0.072
-0.042 0.152 -0.072		-0.042 0.159 -0.034
-0.042 0.152 -0.072		-0.043 0.163 -0.069
-0.042 0.152 -0.072		-0.043 0.161 -0.071
-0.042 0.152 -0.072		-0.043 0.155 -0.072
-0.042 0.152 -0.072		-0.043 0.152 -0.073
-0.042 0.159 -0.034		-0.043 0.159 -0.033
-0.042 0.159 -0.034		-0.043 0.164 -0.033
-0.042 0.159 -0.034		-0.043 0.168 -0.035
-0.042 0.159 -0.034		-0.043 0.169 -0.039
-0.043 0.159 -0.033		-0.043 0.164 -0.033
-0.043 0.159 -0.033		-0.043 0.152 -0.073
-0.043 0.164 -0.033		-0.043 0.168 -0.035
-0.043 0.168 -0.035		-0.043 0.169 -0.039
-0.043 0.169 -0.039		-0.043 0.163 -0.069
-0.043 0.163 -0.069		-0.043 0.161 -0.071
-0.043 0.161 -0.071		-0.043 0.155 -0.072
-0.043 0.155 -0.072		-0.043 0.152 -0.073
