0.167 0.054 0.479		0.000 0.175 0.479
0.167 0.054 0.479		0.103 -0.142 0.479
0.167 0.054 0.479		0.333 0.108 0.371
-0.167 0.054 0.479		0.000 0.175 0.479
-0.167 0.054 0.479		-0.103 -0.142 0.479
-0.167 0.054 0.479		-0.333 0.108 0.371
0.000 0.175 0.479		0.000 0.350 0.371
0.103 -0.142 0.479		-0.103 -0.142 0.479
0.103 -0.142 0.479		0.206 -0.284 0.371
-0.103 -0.142 0.479		-0.206 -0.284 0.371
0.167 0.405 0.263		0.000 0.350 0.371
0.167 0.405 0.263		0.103 0.492 0.088
0.167 0.405 0.263		0.333 0.284 0.263
0.000 0.350 0.371		-0.167 0.405 0.263
0.000 0.492 0.088		0.103 0.492 0.088
0.000 0.492 0.088		-0.103 0.492 0.088
0.103 0.492 0.088		-0.103 0.492 0.088
0.103 0.492 0.088		0.206 0.459 -0.088
-0.167 0.405 0.263		-0.103 0.492 0.088
-0.167 0.405 0.263		-0.333 0.284 0.263
-0.103 0.492 0.088		-0.206 0.459 -0.088
-0.436 -0.033 0.263		-0.333 0.108 0.371
-0.436 -0.033 0.263		-0.500 0.054 0.088
-0.436 -0.033 0.263		-0.373 -0.229 0.263
-0.333 0.284 0.263		-0.333 0.108 0.371
-0.333 0.284 0.263		-0.436 0.250 0.088
-0.436 0.250 0.088		-0.500 0.054 0.088
-0.436 0.250 0.088		-0.373 0.338 -0.088
-0.500 0.054 0.088		-0.500 -0.054 -0.088
-0.103 -0.425 0.263		-0.206 -0.284 0.371
-0.103 -0.425 0.263		-0.206 -0.459 0.088
-0.103 -0.425 0.263		0.103 -0.425 0.263
-0.206 -0.284 0.371		-0.373 -0.229 0.263
-0.373 -0.229 0.263		-0.373 -0.338 0.088
-0.373 -0.338 0.088		-0.206 -0.459 0.088
-0.373 -0.338 0.088		-0.436 -0.250 -0.088
-0.206 -0.459 0.088		-0.103 -0.492 -0.088
0.405 -0.131 0.263		0.373 -0.229 0.263
0.405 -0.131 0.263		0.436 -0.033 0.263
0.103 -0.425 0.263		0.206 -0.284 0.371
0.103 -0.425 0.263		0.206 -0.459 0.088
0.206 -0.284 0.371		0.373 -0.229 0.263
0.206 -0.459 0.088		0.373 -0.338 0.088
0.206 -0.459 0.088		0.103 -0.492 -0.088
0.373 -0.338 0.088		0.373 -0.229 0.263
0.373 -0.338 0.088		0.436 -0.250 -0.088
0.373 -0.229 0.263		0.436 -0.033 0.263
0.333 0.284 0.263		0.333 0.108 0.371
0.333 0.284 0.263		0.436 0.250 0.088
0.333 0.108 0.371		0.436 -0.033 0.263
0.500 0.054 0.088		0.436 -0.033 0.263
0.500 0.054 0.088		0.436 0.250 0.088
0.500 0.054 0.088		0.500 -0.054 -0.088
0.436 0.250 0.088		0.373 0.338 -0.088
0.000 -0.175 -0.479		0.167 -0.054 -0.479
0.000 -0.175 -0.479		-0.167 -0.054 -0.479
0.000 -0.175 -0.479		0.000 -0.263 -0.425
0.167 -0.054 -0.479		0.103 0.142 -0.479
0.167 -0.054 -0.479		0.333 -0.108 -0.371
0.103 0.142 -0.479		-0.103 0.142 -0.479
0.103 0.142 -0.479		0.206 0.284 -0.371
-0.103 0.142 -0.479		-0.167 -0.054 -0.479
-0.103 0.142 -0.479		-0.206 0.284 -0.371
-0.167 -0.054 -0.479		-0.333 -0.108 -0.371
0.000 -0.350 -0.371		0.000 -0.263 -0.425
0.000 -0.350 -0.371		-0.167 -0.405 -0.263
0.000 -0.350 -0.371		0.167 -0.405 -0.263
-0.167 -0.405 -0.263		-0.103 -0.492 -0.088
-0.167 -0.405 -0.263		-0.333 -0.284 -0.263
-0.103 -0.492 -0.088		0.103 -0.492 -0.088
0.103 -0.492 -0.088		0.167 -0.405 -0.263
0.167 -0.405 -0.263		0.333 -0.284 -0.263
0.333 -0.108 -0.371		0.333 -0.284 -0.263
0.333 -0.108 -0.371		0.436 0.033 -0.263
0.333 -0.284 -0.263		0.436 -0.250 -0.088
0.436 -0.250 -0.088		0.468 -0.152 -0.088
0.436 -0.250 -0.088		0.500 -0.054 -0.088
0.468 -0.152 -0.088		0.500 -0.054 -0.088
0.500 -0.054 -0.088		0.436 0.033 -0.263
0.436 0.033 -0.263		0.373 0.229 -0.263
0.373 0.229 -0.263		0.373 0.338 -0.088
0.373 0.229 -0.263		0.206 0.284 -0.371
0.373 0.338 -0.088		0.206 0.459 -0.088
0.206 0.459 -0.088		0.103 0.425 -0.263
0.103 0.425 -0.263		0.206 0.284 -0.371
0.103 0.425 -0.263		-0.103 0.425 -0.263
-0.206 0.284 -0.371		-0.103 0.425 -0.263
-0.206 0.284 -0.371		-0.373 0.229 -0.263
-0.103 0.425 -0.263		-0.206 0.459 -0.088
-0.206 0.459 -0.088		-0.373 0.338 -0.088
-0.373 0.338 -0.088		-0.373 0.229 -0.263
-0.373 0.229 -0.263		-0.436 0.033 -0.263
-0.333 -0.108 -0.371		-0.385 -0.037 -0.317
-0.333 -0.108 -0.371		-0.436 0.033 -0.263
-0.333 -0.108 -0.371		-0.333 -0.284 -0.263
-0.385 -0.037 -0.317		-0.436 0.033 -0.263
-0.436 0.033 -0.263		-0.500 -0.054 -0.088
-0.500 -0.054 -0.088		-0.436 -0.250 -0.088
-0.436 -0.250 -0.088		-0.333 -0.284 -0.263
