-0.344 0.000 -0.116		-0.342 0.026 -0.124
-0.344 0.000 -0.116		-0.342 -0.026 -0.124
-0.344 0.000 -0.116		-0.338 0.000 -0.062
-0.344 0.000 -0.116		-0.332 0.000 -0.163
-0.344 0.000 -0.116		-0.320 0.122 -0.116
-0.344 0.000 -0.116		-0.320 -0.122 -0.116
-0.344 0.000 -0.116		-0.394 0.000 -0.085
-0.342 0.026 -0.124		-0.337 0.035 -0.140
-0.342 0.026 -0.124		-0.396 0.026 -0.091
-0.342 -0.026 -0.124		-0.337 -0.035 -0.140
-0.342 -0.026 -0.124		-0.396 -0.026 -0.091
-0.338 0.000 -0.062		-0.320 0.000 -0.004
-0.338 0.000 -0.062		-0.314 0.119 -0.062
-0.338 0.000 -0.062		-0.314 -0.119 -0.062
-0.337 0.035 -0.140		-0.331 0.026 -0.156
-0.337 0.035 -0.140		-0.400 0.035 -0.103
-0.337 -0.035 -0.140		-0.331 -0.026 -0.156
-0.337 -0.035 -0.140		-0.400 -0.035 -0.103
-0.332 0.000 -0.163		-0.309 0.117 -0.163
-0.332 0.000 -0.163		-0.309 -0.117 -0.163
-0.332 0.000 -0.163		-0.306 0.000 -0.197
-0.331 0.026 -0.156		-0.329 0.000 -0.163
-0.331 0.026 -0.156		-0.403 0.026 -0.116
-0.331 -0.026 -0.156		-0.329 0.000 -0.163
-0.331 -0.026 -0.156		-0.403 -0.026 -0.116
-0.329 0.000 -0.163		-0.405 0.000 -0.122
-0.320 0.122 -0.116		-0.314 0.119 -0.062
-0.320 0.122 -0.116		-0.309 0.117 -0.163
-0.320 0.122 -0.116		-0.254 0.221 -0.116
-0.320 -0.122 -0.116		-0.314 -0.119 -0.062
-0.320 -0.122 -0.116		-0.309 -0.117 -0.163
-0.320 -0.122 -0.116		-0.254 -0.221 -0.116
-0.320 0.000 -0.004		-0.298 0.113 -0.004
-0.320 0.000 -0.004		-0.298 -0.113 -0.004
-0.320 0.000 -0.004		-0.295 0.000 0.056
-0.314 0.119 -0.062		-0.298 0.113 -0.004
-0.314 0.119 -0.062		-0.249 0.216 -0.062
-0.314 -0.119 -0.062		-0.298 -0.113 -0.004
-0.314 -0.119 -0.062		-0.249 -0.216 -0.062
-0.309 0.117 -0.163		-0.284 0.107 -0.197
-0.309 0.117 -0.163		-0.246 0.212 -0.163
-0.309 -0.117 -0.163		-0.284 -0.107 -0.197
-0.309 -0.117 -0.163		-0.246 -0.212 -0.163
-0.306 0.000 -0.197		-0.284 0.107 -0.197
-0.306 0.000 -0.197		-0.284 -0.107 -0.197
-0.306 0.000 -0.197		-0.279 0.000 -0.220
-0.298 0.113 -0.004		-0.275 0.103 0.056
-0.298 0.113 -0.004		-0.237 0.204 -0.004
-0.298 -0.113 -0.004		-0.275 -0.103 0.056
-0.298 -0.113 -0.004		-0.237 -0.204 -0.004
-0.295 0.000 0.056		-0.275 0.103 0.056
-0.295 0.000 0.056		-0.275 -0.103 0.056
-0.295 0.000 0.056		-0.267 0.000 0.117
-0.284 0.107 -0.197		-0.260 0.096 -0.220
-0.284 0.107 -0.197		-0.227 0.193 -0.197
-0.284 -0.107 -0.197		-0.260 -0.096 -0.220
-0.284 -0.107 -0.197		-0.227 -0.193 -0.197
-0.282 0.000 0.058		-0.280 0.026 0.064
-0.282 0.000 0.058		-0.280 -0.026 0.064
-0.282 0.000 0.058		-0.355 0.000 0.058
-0.280 0.026 0.064		-0.274 0.035 0.076
-0.280 0.026 0.064		-0.357 0.026 0.063
-0.280 -0.026 0.064		-0.274 -0.035 0.076
-0.280 -0.026 0.064		-0.357 -0.026 0.063
-0.279 0.000 -0.220		-0.267 0.000 -0.233
-0.279 0.000 -0.220		-0.260 0.096 -0.220
-0.279 0.000 -0.220		-0.260 -0.096 -0.220
-0.275 0.103 0.056		-0.249 0.092 0.117
-0.275 0.103 0.056		-0.219 0.186 0.056
-0.275 -0.103 0.056		-0.249 -0.092 0.117
-0.275 -0.103 0.056		-0.219 -0.186 0.056
-0.274 0.035 0.076		-0.269 0.026 0.088
-0.274 0.035 0.076		-0.362 0.035 0.075
-0.274 -0.035 0.076		-0.269 -0.026 0.088
-0.274 -0.035 0.076		-0.362 -0.035 0.075
-0.269 0.026 0.088		-0.267 0.000 0.093
-0.269 0.026 0.088		-0.367 0.026 0.087
-0.269 -0.026 0.088		-0.267 0.000 0.093
-0.269 -0.026 0.088		-0.367 -0.026 0.087
-0.267 0.000 -0.233		-0.249 0.092 -0.233
-0.267 0.000 -0.233		-0.249 -0.092 -0.233
-0.267 0.000 0.093		-0.369 0.000 0.092
-0.267 0.000 0.117		-0.259 0.000 0.128
-0.267 0.000 0.117		-0.249 0.092 0.117
-0.267 0.000 0.117		-0.249 -0.092 0.117
-0.260 0.096 -0.220		-0.249 0.092 -0.233
-0.260 0.096 -0.220		-0.208 0.174 -0.220
-0.260 -0.096 -0.220		-0.249 -0.092 -0.233
-0.260 -0.096 -0.220		-0.208 -0.174 -0.220
-0.259 0.000 0.128		-0.252 0.000 0.132
-0.259 0.000 0.128		-0.241 0.088 0.128
-0.259 0.000 0.128		-0.241 -0.088 0.128
-0.254 0.221 -0.116		-0.249 0.216 -0.062
-0.254 0.221 -0.116		-0.246 0.212 -0.163
-0.254 0.221 -0.116		-0.155 0.287 -0.116
-0.254 -0.221 -0.116		-0.249 -0.216 -0.062
-0.254 -0.221 -0.116		-0.246 -0.212 -0.163
-0.254 -0.221 -0.116		-0.155 -0.287 -0.116
-0.252 0.000 0.132		-0.248 0.000 0.128
-0.252 0.000 0.132		-0.235 0.086 0.132
-0.252 0.000 0.132		-0.235 -0.086 0.132
-0.251 0.000 0.117		-0.248 0.000 0.128
-0.251 0.000 0.117		-0.234 0.085 0.117
-0.251 0.000 0.117		-0.234 -0.085 0.117
-0.249 0.216 -0.062		-0.237 0.204 -0.004
-0.249 0.216 -0.062		-0.153 0.281 -0.062
-0.249 -0.216 -0.062		-0.237 -0.204 -0.004
-0.249 -0.216 -0.062		-0.153 -0.281 -0.062
-0.249 0.092 -0.233		-0.199 0.166 -0.233
-0.249 0.092 0.117		-0.241 0.088 0.128
-0.249 0.092 0.117		-0.199 0.166 0.117
-0.249 -0.092 -0.233		-0.199 -0.166 -0.233
-0.249 -0.092 0.117		-0.241 -0.088 0.128
-0.249 -0.092 0.117		-0.199 -0.166 0.117
-0.248 0.000 0.128		-0.231 0.084 0.128
-0.248 0.000 0.128		-0.231 -0.084 0.128
-0.246 0.212 -0.163		-0.227 0.193 -0.197
-0.246 0.212 -0.163		-0.151 0.276 -0.163
-0.246 -0.212 -0.163		-0.227 -0.193 -0.197
-0.246 -0.212 -0.163		-0.151 -0.276 -0.163
-0.241 0.088 0.128		-0.235 0.086 0.132
-0.241 0.088 0.128		-0.193 0.160 0.128
-0.241 -0.088 0.128		-0.235 -0.086 0.132
-0.241 -0.088 0.128		-0.193 -0.160 0.128
-0.237 0.204 -0.004		-0.219 0.186 0.056
-0.237 0.204 -0.004		-0.146 0.265 -0.004
-0.237 -0.204 -0.004		-0.219 -0.186 0.056
-0.237 -0.204 -0.004		-0.146 -0.265 -0.004
-0.236 0.000 0.117		-0.220 0.079 0.117
-0.236 0.000 0.117		-0.220 -0.079 0.117
-0.236 0.000 0.117		-0.213 0.000 0.131
-0.235 0.086 0.132		-0.231 0.084 0.128
-0.235 0.086 0.132		-0.188 0.155 0.132
-0.235 -0.086 0.132		-0.231 -0.084 0.128
-0.235 -0.086 0.132		-0.188 -0.155 0.132
-0.234 0.085 0.117		-0.231 0.084 0.128
-0.234 0.085 0.117		-0.188 0.155 0.117
-0.234 -0.085 0.117		-0.231 -0.084 0.128
-0.234 -0.085 0.117		-0.188 -0.155 0.117
-0.231 0.084 0.128		-0.186 0.152 0.128
-0.231 -0.084 0.128		-0.186 -0.152 0.128
-0.227 0.193 -0.197		-0.208 0.174 -0.220
-0.227 0.193 -0.197		-0.140 0.251 -0.197
-0.227 -0.193 -0.197		-0.208 -0.174 -0.220
-0.227 -0.193 -0.197		-0.140 -0.251 -0.197
-0.220 0.079 0.117		-0.199 0.071 0.131
-0.220 0.079 0.117		-0.177 0.144 0.117
-0.220 -0.079 0.117		-0.199 -0.071 0.131
-0.220 -0.079 0.117		-0.177 -0.144 0.117
-0.219 0.186 0.056		-0.199 0.166 0.117
-0.219 0.186 0.056		-0.136 0.242 0.056
-0.219 -0.186 0.056		-0.199 -0.166 0.117
-0.219 -0.186 0.056		-0.136 -0.242 0.056
-0.213 0.000 0.131		-0.199 0.071 0.131
-0.213 0.000 0.131		-0.199 -0.071 0.131
-0.213 0.000 0.131		-0.162 0.000 0.140
-0.208 0.174 -0.220		-0.199 0.166 -0.233
-0.208 0.174 -0.220		-0.130 0.226 -0.220
-0.208 -0.174 -0.220		-0.199 -0.166 -0.233
-0.208 -0.174 -0.220		-0.130 -0.226 -0.220
-0.199 0.071 0.131		-0.161 0.128 0.131
-0.199 0.071 0.131		-0.152 0.050 0.140
-0.199 -0.071 0.131		-0.161 -0.128 0.131
-0.199 -0.071 0.131		-0.152 -0.050 0.140
-0.199 0.166 -0.233		-0.125 0.215 -0.233
-0.199 0.166 0.117		-0.193 0.160 0.128
-0.199 0.166 0.117		-0.125 0.215 0.117
-0.199 -0.166 -0.233		-0.125 -0.215 -0.233
-0.199 -0.166 0.117		-0.193 -0.160 0.128
-0.199 -0.166 0.117		-0.125 -0.215 0.117
-0.193 0.160 0.128		-0.188 0.155 0.132
-0.193 0.160 0.128		-0.122 0.208 0.128
-0.193 -0.160 0.128		-0.188 -0.155 0.132
-0.193 -0.160 0.128		-0.122 -0.208 0.128
-0.188 0.155 0.132		-0.186 0.152 0.128
-0.188 0.155 0.132		-0.119 0.201 0.132
-0.188 -0.155 0.132		-0.186 -0.152 0.128
-0.188 -0.155 0.132		-0.119 -0.201 0.132
-0.188 0.155 0.117		-0.186 0.152 0.128
-0.188 0.155 0.117		-0.119 0.201 0.117
-0.188 -0.155 0.117		-0.186 -0.152 0.128
-0.188 -0.155 0.117		-0.119 -0.201 0.117
-0.186 0.152 0.128		-0.118 0.198 0.128
-0.186 -0.152 0.128		-0.118 -0.198 0.128
-0.177 0.144 0.117		-0.161 0.128 0.131
-0.177 0.144 0.117		-0.113 0.187 0.117
-0.177 -0.144 0.117		-0.161 -0.128 0.131
-0.177 -0.144 0.117		-0.113 -0.187 0.117
-0.162 0.000 0.140		-0.152 0.050 0.140
-0.162 0.000 0.140		-0.152 -0.050 0.140
-0.162 0.000 0.140		-0.104 0.000 0.150
-0.161 0.128 0.131		-0.124 0.091 0.140
-0.161 0.128 0.131		-0.104 0.166 0.131
-0.161 -0.128 0.131		-0.124 -0.091 0.140
-0.161 -0.128 0.131		-0.104 -0.166 0.131
-0.155 0.287 -0.116		-0.153 0.281 -0.062
-0.155 0.287 -0.116		-0.151 0.276 -0.163
-0.155 0.287 -0.116		-0.033 0.311 -0.116
-0.155 -0.287 -0.116		-0.153 -0.281 -0.062
-0.155 -0.287 -0.116		-0.151 -0.276 -0.163
-0.155 -0.287 -0.116		-0.033 -0.311 -0.116
-0.153 0.281 -0.062		-0.146 0.265 -0.004
-0.153 0.281 -0.062		-0.033 0.304 -0.062
-0.153 -0.281 -0.062		-0.146 -0.265 -0.004
-0.153 -0.281 -0.062		-0.033 -0.304 -0.062
-0.152 0.050 0.140		-0.124 0.091 0.140
-0.152 0.050 0.140		-0.099 0.028 0.150
-0.152 -0.050 0.140		-0.124 -0.091 0.140
-0.152 -0.050 0.140		-0.099 -0.028 0.150
-0.151 0.276 -0.163		-0.140 0.251 -0.197
-0.151 0.276 -0.163		-0.033 0.299 -0.163
-0.151 -0.276 -0.163		-0.140 -0.251 -0.197
-0.151 -0.276 -0.163		-0.033 -0.299 -0.163
-0.146 0.265 -0.004		-0.136 0.242 0.056
-0.146 0.265 -0.004		-0.033 0.287 -0.004
-0.146 -0.265 -0.004		-0.136 -0.242 0.056
-0.146 -0.265 -0.004		-0.033 -0.287 -0.004
-0.140 0.251 -0.197		-0.130 0.226 -0.220
-0.140 0.251 -0.197		-0.033 0.272 -0.197
-0.140 -0.251 -0.197		-0.130 -0.226 -0.220
-0.140 -0.251 -0.197		-0.033 -0.272 -0.197
-0.136 0.242 0.056		-0.125 0.215 0.117
-0.136 0.242 0.056		-0.033 0.262 0.056
-0.136 -0.242 0.056		-0.125 -0.215 0.117
-0.136 -0.242 0.056		-0.033 -0.262 0.056
-0.130 0.226 -0.220		-0.125 0.215 -0.233
-0.130 0.226 -0.220		-0.033 0.246 -0.220
-0.130 -0.226 -0.220		-0.125 -0.215 -0.233
-0.130 -0.226 -0.220		-0.033 -0.246 -0.220
-0.125 0.215 -0.233		-0.033 0.233 -0.233
-0.125 0.215 0.117		-0.122 0.208 0.128
-0.125 0.215 0.117		-0.033 0.233 0.117
-0.125 -0.215 -0.233		-0.033 -0.233 -0.233
-0.125 -0.215 0.117		-0.122 -0.208 0.128
-0.125 -0.215 0.117		-0.033 -0.233 0.117
-0.124 0.091 0.140		-0.084 0.050 0.150
-0.124 0.091 0.140		-0.084 0.118 0.140
-0.124 -0.091 0.140		-0.084 -0.050 0.150
-0.124 -0.091 0.140		-0.084 -0.118 0.140
-0.122 0.208 0.128		-0.119 0.201 0.132
-0.122 0.208 0.128		-0.033 0.225 0.128
-0.122 -0.208 0.128		-0.119 -0.201 0.132
-0.122 -0.208 0.128		-0.033 -0.225 0.128
-0.119 0.201 0.132		-0.118 0.198 0.128
-0.119 0.201 0.132		-0.033 0.218 0.132
-0.119 -0.201 0.132		-0.118 -0.198 0.128
-0.119 -0.201 0.132		-0.033 -0.218 0.132
-0.119 0.201 0.117		-0.118 0.198 0.128
-0.119 0.201 0.117		-0.033 0.218 0.117
-0.119 -0.201 0.117		-0.118 -0.198 0.128
-0.119 -0.201 0.117		-0.033 -0.218 0.117
-0.118 0.198 0.128		-0.033 0.215 0.128
-0.118 -0.198 0.128		-0.033 -0.215 0.128
-0.113 0.187 0.117		-0.104 0.166 0.131
-0.113 0.187 0.117		-0.033 0.202 0.117
-0.113 -0.187 0.117		-0.104 -0.166 0.131
-0.113 -0.187 0.117		-0.033 -0.202 0.117
-0.104 0.000 0.150		-0.099 0.028 0.150
-0.104 0.000 0.150		-0.099 -0.028 0.150
-0.104 0.000 0.150		-0.064 0.000 0.164
-0.104 0.166 0.131		-0.084 0.118 0.140
-0.104 0.166 0.131		-0.033 0.180 0.131
-0.104 -0.166 0.131		-0.084 -0.118 0.140
-0.104 -0.166 0.131		-0.033 -0.180 0.131
-0.099 0.028 0.150		-0.084 0.050 0.150
-0.099 0.028 0.150		-0.062 0.012 0.164
-0.099 -0.028 0.150		-0.084 -0.050 0.150
-0.099 -0.028 0.150		-0.062 -0.012 0.164
-0.086 0.000 0.226		-0.084 0.000 0.207
-0.086 0.000 0.226		-0.082 0.021 0.226
-0.086 0.000 0.226		-0.082 -0.021 0.226
-0.086 0.000 0.226		-0.033 0.000 0.233
-0.084 0.000 0.207		-0.080 0.020 0.207
-0.084 0.000 0.207		-0.080 -0.020 0.207
-0.084 0.000 0.207		-0.064 0.000 0.184
-0.084 0.050 0.150		-0.061 0.065 0.150
-0.084 0.050 0.150		-0.055 0.022 0.164
-0.084 -0.050 0.150		-0.061 -0.065 0.150
-0.084 -0.050 0.150		-0.055 -0.022 0.164
-0.084 0.118 0.140		-0.061 0.065 0.150
-0.084 0.118 0.140		-0.033 0.128 0.140
-0.084 -0.118 0.140		-0.061 -0.065 0.150
-0.084 -0.118 0.140		-0.033 -0.128 0.140
-0.082 0.021 0.226		-0.080 0.020 0.207
-0.082 0.021 0.226		-0.071 0.038 0.226
-0.082 0.021 0.226		-0.033 0.000 0.233
-0.082 -0.021 0.226		-0.080 -0.020 0.207
-0.082 -0.021 0.226		-0.071 -0.038 0.226
-0.082 -0.021 0.226		-0.033 0.000 0.233
-0.080 0.020 0.207		-0.069 0.036 0.207
-0.080 0.020 0.207		-0.062 0.012 0.184
-0.080 -0.020 0.207		-0.069 -0.036 0.207
-0.080 -0.020 0.207		-0.062 -0.012 0.184
-0.071 0.038 0.226		-0.069 0.036 0.207
-0.071 0.038 0.226		-0.054 0.049 0.226
-0.071 0.038 0.226		-0.033 0.000 0.233
-0.071 -0.038 0.226		-0.069 -0.036 0.207
-0.071 -0.038 0.226		-0.054 -0.049 0.226
-0.071 -0.038 0.226		-0.033 0.000 0.233
-0.069 0.036 0.207		-0.055 0.022 0.184
-0.069 0.036 0.207		-0.053 0.047 0.207
-0.069 -0.036 0.207		-0.055 -0.022 0.184
-0.069 -0.036 0.207		-0.053 -0.047 0.207
-0.064 0.000 0.164		-0.064 0.000 0.184
-0.064 0.000 0.164		-0.062 0.012 0.164
-0.064 0.000 0.164		-0.062 -0.012 0.164
-0.064 0.000 0.184		-0.062 0.012 0.184
-0.064 0.000 0.184		-0.062 -0.012 0.184
-0.062 0.012 0.164		-0.062 0.012 0.184
-0.062 0.012 0.164		-0.055 0.022 0.164
-0.062 -0.012 0.164		-0.062 -0.012 0.184
-0.062 -0.012 0.164		-0.055 -0.022 0.164
-0.062 0.012 0.184		-0.055 0.022 0.184
-0.062 -0.012 0.184		-0.055 -0.022 0.184
-0.061 0.065 0.150		-0.046 0.029 0.164
-0.061 0.065 0.150		-0.033 0.071 0.150
-0.061 -0.065 0.150		-0.046 -0.029 0.164
-0.061 -0.065 0.150		-0.033 -0.071 0.150
-0.055 0.022 0.164		-0.055 0.022 0.184
-0.055 0.022 0.164		-0.046 0.029 0.164
-0.055 -0.022 0.164		-0.055 -0.022 0.184
-0.055 -0.022 0.164		-0.046 -0.029 0.164
-0.055 0.022 0.184		-0.045 0.028 0.184
-0.055 -0.022 0.184		-0.045 -0.028 0.184
-0.054 0.049 0.226		-0.053 0.047 0.207
-0.054 0.049 0.226		-0.033 0.000 0.233
-0.054 0.049 0.226		-0.033 0.053 0.226
-0.054 -0.049 0.226		-0.053 -0.047 0.207
-0.054 -0.049 0.226		-0.033 0.000 0.233
-0.054 -0.049 0.226		-0.033 -0.053 0.226
-0.053 0.047 0.207		-0.045 0.028 0.184
-0.053 0.047 0.207		-0.033 0.051 0.207
-0.053 -0.047 0.207		-0.045 -0.028 0.184
-0.053 -0.047 0.207		-0.033 -0.051 0.207
-0.046 0.029 0.164		-0.045 0.028 0.184
-0.046 0.029 0.164		-0.033 0.031 0.164
-0.046 -0.029 0.164		-0.045 -0.028 0.184
-0.046 -0.029 0.164		-0.033 -0.031 0.164
-0.045 0.028 0.184		-0.033 0.031 0.184
-0.045 -0.028 0.184		-0.033 -0.031 0.184
-0.033 0.000 0.233		-0.033 0.053 0.226
-0.033 0.000 0.233		-0.033 -0.053 0.226
-0.033 0.000 0.233		-0.012 0.049 0.226
-0.033 0.000 0.233		-0.012 -0.049 0.226
-0.033 0.000 0.233		0.004 0.038 0.226
-0.033 0.000 0.233		0.004 -0.038 0.226
-0.033 0.000 0.233		0.016 0.021 0.226
-0.033 0.000 0.233		0.016 -0.021 0.226
-0.033 0.000 0.233		0.020 0.000 0.226
-0.033 0.031 0.184		-0.033 0.031 0.164
-0.033 0.031 0.184		-0.033 0.051 0.207
-0.033 0.031 0.184		-0.021 0.028 0.184
-0.033 0.031 0.164		-0.033 0.071 0.150
-0.033 0.031 0.164		-0.021 0.029 0.164
-0.033 0.051 0.207		-0.033 0.053 0.226
-0.033 0.051 0.207		-0.013 0.047 0.207
-0.033 0.053 0.226		-0.012 0.049 0.226
-0.033 0.071 0.150		-0.033 0.128 0.140
-0.033 0.071 0.150		-0.005 0.065 0.150
-0.033 0.128 0.140		-0.033 0.180 0.131
-0.033 0.128 0.140		0.017 0.118 0.140
-0.033 0.180 0.131		-0.033 0.202 0.117
-0.033 0.180 0.131		0.037 0.166 0.131
-0.033 0.202 0.117		0.046 0.187 0.117
-0.033 0.215 0.128		-0.033 0.218 0.117
-0.033 0.215 0.128		-0.033 0.218 0.132
-0.033 0.215 0.128		0.051 0.198 0.128
-0.033 0.218 0.117		0.052 0.201 0.117
-0.033 0.218 0.132		-0.033 0.225 0.128
-0.033 0.218 0.132		0.052 0.201 0.132
-0.033 0.225 0.128		-0.033 0.233 0.117
-0.033 0.225 0.128		0.055 0.208 0.128
-0.033 0.233 -0.233		-0.033 0.246 -0.220
-0.033 0.233 -0.233		0.058 0.215 -0.233
-0.033 0.233 0.117		-0.033 0.262 0.056
-0.033 0.233 0.117		0.058 0.215 0.117
-0.033 0.246 -0.220		-0.033 0.272 -0.197
-0.033 0.246 -0.220		0.063 0.226 -0.220
-0.033 0.262 0.056		-0.033 0.287 -0.004
-0.033 0.262 0.056		0.069 0.242 0.056
-0.033 0.272 -0.197		-0.033 0.299 -0.163
-0.033 0.272 -0.197		0.074 0.251 -0.197
-0.033 0.287 -0.004		-0.033 0.304 -0.062
-0.033 0.287 -0.004		0.079 0.265 -0.004
-0.033 0.299 -0.163		-0.033 0.311 -0.116
-0.033 0.299 -0.163		0.084 0.276 -0.163
-0.033 0.304 -0.062		-0.033 0.311 -0.116
-0.033 0.304 -0.062		0.086 0.281 -0.062
-0.033 0.311 -0.116		0.089 0.287 -0.116
-0.033 -0.031 0.184		-0.033 -0.031 0.164
-0.033 -0.031 0.184		-0.033 -0.051 0.207
-0.033 -0.031 0.184		-0.021 -0.028 0.184
-0.033 -0.031 0.164		-0.033 -0.071 0.150
-0.033 -0.031 0.164		-0.021 -0.029 0.164
-0.033 -0.051 0.207		-0.033 -0.053 0.226
-0.033 -0.051 0.207		-0.013 -0.047 0.207
-0.033 -0.053 0.226		-0.012 -0.049 0.226
-0.033 -0.071 0.150		-0.033 -0.128 0.140
-0.033 -0.071 0.150		-0.005 -0.065 0.150
-0.033 -0.128 0.140		-0.033 -0.180 0.131
-0.033 -0.128 0.140		0.017 -0.118 0.140
-0.033 -0.180 0.131		-0.033 -0.202 0.117
-0.033 -0.180 0.131		0.037 -0.166 0.131
-0.033 -0.202 0.117		0.046 -0.187 0.117
-0.033 -0.215 0.128		-0.033 -0.218 0.117
-0.033 -0.215 0.128		-0.033 -0.218 0.132
-0.033 -0.215 0.128		0.051 -0.198 0.128
-0.033 -0.218 0.117		0.052 -0.201 0.117
-0.033 -0.218 0.132		-0.033 -0.225 0.128
-0.033 -0.218 0.132		0.052 -0.201 0.132
-0.033 -0.225 0.128		-0.033 -0.233 0.117
-0.033 -0.225 0.128		0.055 -0.208 0.128
-0.033 -0.233 -0.233		-0.033 -0.246 -0.220
-0.033 -0.233 -0.233		0.058 -0.215 -0.233
-0.033 -0.233 0.117		-0.033 -0.262 0.056
-0.033 -0.233 0.117		0.058 -0.215 0.117
-0.033 -0.246 -0.220		-0.033 -0.272 -0.197
-0.033 -0.246 -0.220		0.063 -0.226 -0.220
-0.033 -0.262 0.056		-0.033 -0.287 -0.004
-0.033 -0.262 0.056		0.069 -0.242 0.056
-0.033 -0.272 -0.197		-0.033 -0.299 -0.163
-0.033 -0.272 -0.197		0.074 -0.251 -0.197
-0.033 -0.287 -0.004		-0.033 -0.304 -0.062
-0.033 -0.287 -0.004		0.079 -0.265 -0.004
-0.033 -0.299 -0.163		-0.033 -0.311 -0.116
-0.033 -0.299 -0.163		0.084 -0.276 -0.163
-0.033 -0.304 -0.062		-0.033 -0.311 -0.116
-0.033 -0.304 -0.062		0.086 -0.281 -0.062
-0.033 -0.311 -0.116		0.089 -0.287 -0.116
-0.021 0.028 0.184		-0.021 0.029 0.164
-0.021 0.028 0.184		-0.013 0.047 0.207
-0.021 0.028 0.184		-0.012 0.022 0.184
-0.021 -0.028 0.184		-0.021 -0.029 0.164
-0.021 -0.028 0.184		-0.013 -0.047 0.207
-0.021 -0.028 0.184		-0.012 -0.022 0.184
-0.021 0.029 0.164		-0.011 0.022 0.164
-0.021 0.029 0.164		-0.005 0.065 0.150
-0.021 -0.029 0.164		-0.011 -0.022 0.164
-0.021 -0.029 0.164		-0.005 -0.065 0.150
-0.013 0.047 0.207		-0.012 0.049 0.226
-0.013 0.047 0.207		0.003 0.036 0.207
-0.013 -0.047 0.207		-0.012 -0.049 0.226
-0.013 -0.047 0.207		0.003 -0.036 0.207
-0.012 0.049 0.226		0.004 0.038 0.226
-0.012 -0.049 0.226		0.004 -0.038 0.226
-0.012 0.022 0.184		-0.011 0.022 0.164
-0.012 0.022 0.184		-0.005 0.012 0.184
-0.012 0.022 0.184		0.003 0.036 0.207
-0.012 -0.022 0.184		-0.011 -0.022 0.164
-0.012 -0.022 0.184		-0.005 -0.012 0.184
-0.012 -0.022 0.184		0.003 -0.036 0.207
-0.011 0.022 0.164		-0.005 0.012 0.164
-0.011 0.022 0.164		0.017 0.050 0.150
-0.011 -0.022 0.164		-0.005 -0.012 0.164
-0.011 -0.022 0.164		0.017 -0.050 0.150
-0.005 0.065 0.150		0.017 0.118 0.140
-0.005 0.065 0.150		0.017 0.050 0.150
-0.005 -0.065 0.150		0.017 -0.118 0.140
-0.005 -0.065 0.150		0.017 -0.050 0.150
-0.005 0.012 0.184		-0.005 0.012 0.164
-0.005 0.012 0.184		-0.003 0.000 0.184
-0.005 0.012 0.184		0.013 0.020 0.207
-0.005 -0.012 0.184		-0.005 -0.012 0.164
-0.005 -0.012 0.184		-0.003 0.000 0.184
-0.005 -0.012 0.184		0.013 -0.020 0.207
-0.005 0.012 0.164		-0.002 0.000 0.164
-0.005 0.012 0.164		0.032 0.028 0.150
-0.005 -0.012 0.164		-0.002 0.000 0.164
-0.005 -0.012 0.164		0.032 -0.028 0.150
-0.003 0.000 0.184		-0.002 0.000 0.164
-0.003 0.000 0.184		0.017 0.000 0.207
-0.002 0.000 0.164		0.038 0.000 0.150
0.003 0.036 0.207		0.004 0.038 0.226
0.003 0.036 0.207		0.013 0.020 0.207
0.003 -0.036 0.207		0.004 -0.038 0.226
0.003 -0.036 0.207		0.013 -0.020 0.207
0.004 0.038 0.226		0.016 0.021 0.226
0.004 -0.038 0.226		0.016 -0.021 0.226
0.013 0.020 0.207		0.016 0.021 0.226
0.013 0.020 0.207		0.017 0.000 0.207
0.013 -0.020 0.207		0.016 -0.021 0.226
0.013 -0.020 0.207		0.017 0.000 0.207
0.016 0.021 0.226		0.020 0.000 0.226
0.016 -0.021 0.226		0.020 0.000 0.226
0.017 0.118 0.140		0.037 0.166 0.131
0.017 0.118 0.140		0.058 0.091 0.140
0.017 -0.118 0.140		0.037 -0.166 0.131
0.017 -0.118 0.140		0.058 -0.091 0.140
0.017 0.050 0.150		0.032 0.028 0.150
0.017 0.050 0.150		0.058 0.091 0.140
0.017 -0.050 0.150		0.032 -0.028 0.150
0.017 -0.050 0.150		0.058 -0.091 0.140
0.017 0.000 0.207		0.020 0.000 0.226
0.032 0.028 0.150		0.038 0.000 0.150
0.032 0.028 0.150		0.085 0.050 0.140
0.032 -0.028 0.150		0.038 0.000 0.150
0.032 -0.028 0.150		0.085 -0.050 0.140
0.037 0.166 0.131		0.046 0.187 0.117
0.037 0.166 0.131		0.094 0.128 0.131
0.037 -0.166 0.131		0.046 -0.187 0.117
0.037 -0.166 0.131		0.094 -0.128 0.131
0.038 0.000 0.150		0.095 0.000 0.140
0.046 0.187 0.117		0.110 0.144 0.117
0.046 -0.187 0.117		0.110 -0.144 0.117
0.051 0.198 0.128		0.052 0.201 0.117
0.051 0.198 0.128		0.052 0.201 0.132
0.051 0.198 0.128		0.119 0.152 0.128
0.051 -0.198 0.128		0.052 -0.201 0.117
0.051 -0.198 0.128		0.052 -0.201 0.132
0.051 -0.198 0.128		0.119 -0.152 0.128
0.052 0.201 0.117		0.121 0.155 0.117
0.052 -0.201 0.117		0.121 -0.155 0.117
0.052 0.201 0.132		0.055 0.208 0.128
0.052 0.201 0.132		0.122 0.155 0.132
0.052 -0.201 0.132		0.055 -0.208 0.128
0.052 -0.201 0.132		0.122 -0.155 0.132
0.055 0.208 0.128		0.058 0.215 0.117
0.055 0.208 0.128		0.127 0.160 0.128
0.055 -0.208 0.128		0.058 -0.215 0.117
0.055 -0.208 0.128		0.127 -0.160 0.128
0.058 0.091 0.140		0.085 0.050 0.140
0.058 0.091 0.140		0.094 0.128 0.131
0.058 -0.091 0.140		0.085 -0.050 0.140
0.058 -0.091 0.140		0.094 -0.128 0.131
0.058 0.215 -0.233		0.063 0.226 -0.220
0.058 0.215 -0.233		0.132 0.166 -0.233
0.058 0.215 0.117		0.069 0.242 0.056
0.058 0.215 0.117		0.132 0.166 0.117
0.058 -0.215 -0.233		0.063 -0.226 -0.220
0.058 -0.215 -0.233		0.132 -0.166 -0.233
0.058 -0.215 0.117		0.069 -0.242 0.056
0.058 -0.215 0.117		0.132 -0.166 0.117
0.063 0.226 -0.220		0.074 0.251 -0.197
0.063 0.226 -0.220		0.141 0.174 -0.220
0.063 -0.226 -0.220		0.074 -0.251 -0.197
0.063 -0.226 -0.220		0.141 -0.174 -0.220
0.069 0.242 0.056		0.079 0.265 -0.004
0.069 0.242 0.056		0.153 0.186 0.056
0.069 -0.242 0.056		0.079 -0.265 -0.004
0.069 -0.242 0.056		0.153 -0.186 0.056
0.074 0.251 -0.197		0.084 0.276 -0.163
0.074 0.251 -0.197		0.160 0.193 -0.197
0.074 -0.251 -0.197		0.084 -0.276 -0.163
0.074 -0.251 -0.197		0.160 -0.193 -0.197
0.079 0.265 -0.004		0.086 0.281 -0.062
0.079 0.265 -0.004		0.170 0.204 -0.004
0.079 -0.265 -0.004		0.086 -0.281 -0.062
0.079 -0.265 -0.004		0.170 -0.204 -0.004
0.084 0.276 -0.163		0.089 0.287 -0.116
0.084 0.276 -0.163		0.179 0.212 -0.163
0.084 -0.276 -0.163		0.089 -0.287 -0.116
0.084 -0.276 -0.163		0.179 -0.212 -0.163
0.085 0.050 0.140		0.095 0.000 0.140
0.085 0.050 0.140		0.133 0.071 0.131
0.085 -0.050 0.140		0.095 0.000 0.140
0.085 -0.050 0.140		0.133 -0.071 0.131
0.086 0.281 -0.062		0.089 0.287 -0.116
0.086 0.281 -0.062		0.183 0.216 -0.062
0.086 -0.281 -0.062		0.089 -0.287 -0.116
0.086 -0.281 -0.062		0.183 -0.216 -0.062
0.089 0.287 -0.116		0.188 0.221 -0.116
0.089 -0.287 -0.116		0.188 -0.221 -0.116
0.094 0.128 0.131		0.110 0.144 0.117
0.094 0.128 0.131		0.133 0.071 0.131
0.094 -0.128 0.131		0.110 -0.144 0.117
0.094 -0.128 0.131		0.133 -0.071 0.131
0.095 0.000 0.140		0.147 0.000 0.131
0.110 0.144 0.117		0.153 0.079 0.117
0.110 -0.144 0.117		0.153 -0.079 0.117
0.119 0.152 0.128		0.121 0.155 0.117
0.119 0.152 0.128		0.122 0.155 0.132
0.119 0.152 0.128		0.165 0.084 0.128
0.119 -0.152 0.128		0.121 -0.155 0.117
0.119 -0.152 0.128		0.122 -0.155 0.132
0.119 -0.152 0.128		0.165 -0.084 0.128
0.121 0.155 0.117		0.168 0.085 0.117
0.121 -0.155 0.117		0.168 -0.085 0.117
0.122 0.155 0.132		0.127 0.160 0.128
0.122 0.155 0.132		0.168 0.086 0.132
0.122 -0.155 0.132		0.127 -0.160 0.128
0.122 -0.155 0.132		0.168 -0.086 0.132
0.127 0.160 0.128		0.132 0.166 0.117
0.127 0.160 0.128		0.175 0.088 0.128
0.127 -0.160 0.128		0.132 -0.166 0.117
0.127 -0.160 0.128		0.175 -0.088 0.128
0.132 0.166 -0.233		0.141 0.174 -0.220
0.132 0.166 -0.233		0.182 0.092 -0.233
0.132 0.166 0.117		0.153 0.186 0.056
0.132 0.166 0.117		0.182 0.092 0.117
0.132 -0.166 -0.233		0.141 -0.174 -0.220
0.132 -0.166 -0.233		0.182 -0.092 -0.233
0.132 -0.166 0.117		0.153 -0.186 0.056
0.132 -0.166 0.117		0.182 -0.092 0.117
0.133 0.071 0.131		0.147 0.000 0.131
0.133 0.071 0.131		0.153 0.079 0.117
0.133 -0.071 0.131		0.147 0.000 0.131
0.133 -0.071 0.131		0.153 -0.079 0.117
0.141 0.174 -0.220		0.160 0.193 -0.197
0.141 0.174 -0.220		0.193 0.096 -0.220
0.141 -0.174 -0.220		0.160 -0.193 -0.197
0.141 -0.174 -0.220		0.193 -0.096 -0.220
0.147 0.000 0.131		0.169 0.000 0.117
0.153 0.186 0.056		0.170 0.204 -0.004
0.153 0.186 0.056		0.208 0.103 0.056
0.153 -0.186 0.056		0.170 -0.204 -0.004
0.153 -0.186 0.056		0.208 -0.103 0.056
0.153 0.079 0.117		0.169 0.000 0.117
0.153 -0.079 0.117		0.169 0.000 0.117
0.160 0.193 -0.197		0.179 0.212 -0.163
0.160 0.193 -0.197		0.218 0.107 -0.197
0.160 -0.193 -0.197		0.179 -0.212 -0.163
0.160 -0.193 -0.197		0.218 -0.107 -0.197
0.165 0.084 0.128		0.168 0.085 0.117
0.165 0.084 0.128		0.168 0.086 0.132
0.165 0.084 0.128		0.181 0.000 0.128
0.165 -0.084 0.128		0.168 -0.085 0.117
0.165 -0.084 0.128		0.168 -0.086 0.132
0.165 -0.084 0.128		0.181 0.000 0.128
0.168 0.085 0.117		0.184 0.000 0.117
0.168 -0.085 0.117		0.184 0.000 0.117
0.168 0.086 0.132		0.175 0.088 0.128
0.168 0.086 0.132		0.185 0.000 0.132
0.168 -0.086 0.132		0.175 -0.088 0.128
0.168 -0.086 0.132		0.185 0.000 0.132
0.170 0.204 -0.004		0.183 0.216 -0.062
0.170 0.204 -0.004		0.231 0.113 -0.004
0.170 -0.204 -0.004		0.183 -0.216 -0.062
0.170 -0.204 -0.004		0.231 -0.113 -0.004
0.175 0.088 0.128		0.182 0.092 0.117
0.175 0.088 0.128		0.192 0.000 0.128
0.175 -0.088 0.128		0.182 -0.092 0.117
0.175 -0.088 0.128		0.192 0.000 0.128
0.179 0.212 -0.163		0.188 0.221 -0.116
0.179 0.212 -0.163		0.243 0.117 -0.163
0.179 -0.212 -0.163		0.188 -0.221 -0.116
0.179 -0.212 -0.163		0.243 -0.117 -0.163
0.181 0.000 0.128		0.184 0.000 0.117
0.181 0.000 0.128		0.185 0.000 0.132
0.182 0.092 -0.233		0.193 0.096 -0.220
0.182 0.092 -0.233		0.200 0.000 -0.233
0.182 0.092 0.117		0.200 0.000 0.117
0.182 0.092 0.117		0.208 0.103 0.056
0.182 -0.092 -0.233		0.193 -0.096 -0.220
0.182 -0.092 -0.233		0.200 0.000 -0.233
0.182 -0.092 0.117		0.200 0.000 0.117
0.182 -0.092 0.117		0.208 -0.103 0.056
0.183 0.216 -0.062		0.188 0.221 -0.116
0.183 0.216 -0.062		0.248 0.119 -0.062
0.183 -0.216 -0.062		0.188 -0.221 -0.116
0.183 -0.216 -0.062		0.248 -0.119 -0.062
0.185 0.000 0.132		0.192 0.000 0.128
0.188 0.221 -0.116		0.254 0.122 -0.116
0.188 -0.221 -0.116		0.254 -0.122 -0.116
0.192 0.000 0.128		0.200 0.000 0.117
0.193 0.096 -0.220		0.212 0.000 -0.220
0.193 0.096 -0.220		0.218 0.107 -0.197
0.193 -0.096 -0.220		0.212 0.000 -0.220
0.193 -0.096 -0.220		0.218 -0.107 -0.197
0.200 0.000 -0.233		0.212 0.000 -0.220
0.200 0.000 0.117		0.229 0.000 0.056
0.208 0.103 0.056		0.229 0.000 0.056
0.208 0.103 0.056		0.231 0.113 -0.004
0.208 -0.103 0.056		0.229 0.000 0.056
0.208 -0.103 0.056		0.231 -0.113 -0.004
0.212 0.000 -0.220		0.239 0.000 -0.197
0.218 0.107 -0.197		0.239 0.000 -0.197
0.218 0.107 -0.197		0.243 0.117 -0.163
0.218 -0.107 -0.197		0.239 0.000 -0.197
0.218 -0.107 -0.197		0.243 -0.117 -0.163
0.229 0.000 0.056		0.254 0.000 -0.004
0.231 0.000 -0.163		0.231 0.058 -0.143
0.231 0.000 -0.163		0.231 -0.058 -0.143
0.231 0.000 -0.163		0.342 0.000 -0.113
0.231 0.000 -0.035		0.231 0.058 -0.055
0.231 0.000 -0.035		0.231 -0.058 -0.055
0.231 0.000 -0.035		0.306 0.000 -0.018
0.231 0.058 -0.143		0.231 0.077 -0.099
0.231 0.058 -0.143		0.337 0.052 -0.098
0.231 0.058 -0.055		0.231 0.077 -0.099
0.231 0.058 -0.055		0.311 0.052 -0.033
0.231 0.077 -0.099		0.324 0.070 -0.065
0.231 -0.058 -0.143		0.231 -0.077 -0.099
0.231 -0.058 -0.143		0.337 -0.052 -0.098
0.231 -0.058 -0.055		0.231 -0.077 -0.099
0.231 -0.058 -0.055		0.311 -0.052 -0.033
0.231 -0.077 -0.099		0.324 -0.070 -0.065
0.231 0.113 -0.004		0.248 0.119 -0.062
0.231 0.113 -0.004		0.254 0.000 -0.004
0.231 -0.113 -0.004		0.248 -0.119 -0.062
0.231 -0.113 -0.004		0.254 0.000 -0.004
0.239 0.000 -0.197		0.266 0.000 -0.163
0.243 0.117 -0.163		0.254 0.122 -0.116
0.243 0.117 -0.163		0.266 0.000 -0.163
0.243 -0.117 -0.163		0.254 -0.122 -0.116
0.243 -0.117 -0.163		0.266 0.000 -0.163
0.248 0.119 -0.062		0.254 0.122 -0.116
0.248 0.119 -0.062		0.271 0.000 -0.062
0.248 -0.119 -0.062		0.254 -0.122 -0.116
0.248 -0.119 -0.062		0.271 0.000 -0.062
0.254 0.000 -0.004		0.271 0.000 -0.062
0.254 0.122 -0.116		0.278 0.000 -0.116
0.254 -0.122 -0.116		0.278 0.000 -0.116
0.266 0.000 -0.163		0.278 0.000 -0.116
0.271 0.000 -0.062		0.278 0.000 -0.116
0.306 0.000 -0.018		0.311 0.052 -0.033
0.306 0.000 -0.018		0.311 -0.052 -0.033
0.306 0.000 -0.018		0.338 0.000 0.024
0.311 0.052 -0.033		0.324 0.070 -0.065
0.311 0.052 -0.033		0.345 0.040 0.015
0.311 -0.052 -0.033		0.324 -0.070 -0.065
0.311 -0.052 -0.033		0.345 -0.040 0.015
0.324 0.070 -0.065		0.337 0.052 -0.098
0.324 0.070 -0.065		0.361 0.053 -0.004
0.324 -0.070 -0.065		0.337 -0.052 -0.098
0.324 -0.070 -0.065		0.361 -0.053 -0.004
0.337 0.052 -0.098		0.342 0.000 -0.113
0.337 0.052 -0.098		0.377 0.040 -0.023
0.337 -0.052 -0.098		0.342 0.000 -0.113
0.337 -0.052 -0.098		0.377 -0.040 -0.023
0.338 0.000 0.024		0.345 0.040 0.015
0.338 0.000 0.024		0.345 -0.040 0.015
0.338 0.000 0.024		0.356 0.000 0.074
0.342 0.000 -0.113		0.385 0.000 -0.032
0.345 0.040 0.015		0.361 0.053 -0.004
0.345 0.040 0.015		0.365 0.027 0.070
0.345 -0.040 0.015		0.361 -0.053 -0.004
0.345 -0.040 0.015		0.365 -0.027 0.070
0.356 0.000 0.074		0.365 0.027 0.070
0.356 0.000 0.074		0.365 -0.027 0.070
0.356 0.000 0.074		0.387 0.000 0.117
0.361 0.053 -0.004		0.377 0.040 -0.023
0.361 0.053 -0.004		0.384 0.037 0.064
0.361 -0.053 -0.004		0.377 -0.040 -0.023
0.361 -0.053 -0.004		0.384 -0.037 0.064
0.365 0.027 0.070		0.384 0.037 0.064
0.365 0.027 0.070		0.401 0.022 0.117
0.365 -0.027 0.070		0.384 -0.037 0.064
0.365 -0.027 0.070		0.401 -0.022 0.117
0.377 0.040 -0.023		0.385 0.000 -0.032
0.377 0.040 -0.023		0.404 0.027 0.057
0.377 -0.040 -0.023		0.385 0.000 -0.032
0.377 -0.040 -0.023		0.404 -0.027 0.057
0.384 0.037 0.064		0.404 0.027 0.057
0.384 0.037 0.064		0.433 0.029 0.117
0.384 -0.037 0.064		0.404 -0.027 0.057
0.384 -0.037 0.064		0.433 -0.029 0.117
0.385 0.000 -0.032		0.413 0.000 0.053
0.387 0.000 0.117		0.398 0.000 0.123
0.387 0.000 0.117		0.401 0.022 0.117
0.387 0.000 0.117		0.401 -0.022 0.117
0.398 0.000 0.123		0.406 0.000 0.125
0.398 0.000 0.123		0.414 0.021 0.124
0.398 0.000 0.123		0.414 -0.021 0.124
0.401 0.022 0.117		0.414 0.021 0.124
0.401 0.022 0.117		0.433 0.029 0.117
0.401 -0.022 0.117		0.414 -0.021 0.124
0.401 -0.022 0.117		0.433 -0.029 0.117
0.402 0.000 0.117		0.409 0.000 0.123
0.402 0.000 0.117		0.412 0.013 0.117
0.402 0.000 0.117		0.412 -0.013 0.117
0.404 0.027 0.057		0.413 0.000 0.053
0.404 0.027 0.057		0.465 0.022 0.117
0.404 -0.027 0.057		0.413 0.000 0.053
0.404 -0.027 0.057		0.465 -0.022 0.117
0.406 0.000 0.125		0.409 0.000 0.123
0.406 0.000 0.125		0.421 0.018 0.126
0.406 0.000 0.125		0.421 -0.018 0.126
0.409 0.000 0.123		0.421 0.014 0.124
0.409 0.000 0.123		0.421 -0.014 0.124
0.412 0.013 0.117		0.421 0.014 0.124
0.412 0.013 0.117		0.433 0.018 0.117
0.412 -0.013 0.117		0.421 -0.014 0.124
0.412 -0.013 0.117		0.433 -0.018 0.117
0.413 0.000 0.053		0.480 0.000 0.117
0.414 0.021 0.124		0.421 0.018 0.126
0.414 0.021 0.124		0.448 0.027 0.124
0.414 -0.021 0.124		0.421 -0.018 0.126
0.414 -0.021 0.124		0.448 -0.027 0.124
0.421 0.018 0.126		0.421 0.014 0.124
0.421 0.018 0.126		0.453 0.023 0.127
0.421 -0.018 0.126		0.421 -0.014 0.124
0.421 -0.018 0.126		0.453 -0.023 0.127
0.421 0.014 0.124		0.448 0.019 0.125
0.421 -0.014 0.124		0.448 -0.019 0.125
0.433 0.018 0.117		0.448 0.019 0.125
0.433 0.018 0.117		0.455 0.013 0.117
0.433 0.029 0.117		0.448 0.027 0.124
0.433 0.029 0.117		0.465 0.022 0.117
0.433 -0.018 0.117		0.448 -0.019 0.125
0.433 -0.018 0.117		0.455 -0.013 0.117
0.433 -0.029 0.117		0.448 -0.027 0.124
0.433 -0.029 0.117		0.465 -0.022 0.117
0.448 0.027 0.124		0.453 0.023 0.127
0.448 0.027 0.124		0.482 0.021 0.125
0.448 -0.027 0.124		0.453 -0.023 0.127
0.448 -0.027 0.124		0.482 -0.021 0.125
0.448 0.019 0.125		0.453 0.023 0.127
0.448 0.019 0.125		0.476 0.014 0.126
0.448 -0.019 0.125		0.453 -0.023 0.127
0.448 -0.019 0.125		0.476 -0.014 0.126
0.453 0.023 0.127		0.485 0.018 0.128
0.453 -0.023 0.127		0.485 -0.018 0.128
0.455 0.013 0.117		0.465 0.000 0.117
0.455 0.013 0.117		0.476 0.014 0.126
0.455 -0.013 0.117		0.465 0.000 0.117
0.455 -0.013 0.117		0.476 -0.014 0.126
0.465 0.000 0.117		0.488 0.000 0.126
0.465 0.022 0.117		0.480 0.000 0.117
0.465 0.022 0.117		0.482 0.021 0.125
0.465 -0.022 0.117		0.480 0.000 0.117
0.465 -0.022 0.117		0.482 -0.021 0.125
0.476 0.014 0.126		0.485 0.018 0.128
0.476 0.014 0.126		0.488 0.000 0.126
0.476 -0.014 0.126		0.485 -0.018 0.128
0.476 -0.014 0.126		0.488 0.000 0.126
0.480 0.000 0.117		0.498 0.000 0.125
0.482 0.021 0.125		0.485 0.018 0.128
0.482 0.021 0.125		0.498 0.000 0.125
0.482 -0.021 0.125		0.485 -0.018 0.128
0.482 -0.021 0.125		0.498 0.000 0.125
0.485 0.018 0.128		0.500 0.000 0.129
0.485 -0.018 0.128		0.500 0.000 0.129
0.488 0.000 0.126		0.500 0.000 0.129
0.498 0.000 0.125		0.500 0.000 0.129
-0.355 0.000 0.058		-0.357 0.026 0.063
-0.355 0.000 0.058		-0.357 -0.026 0.063
-0.355 0.000 0.058		-0.409 0.000 0.054
-0.357 0.026 0.063		-0.362 0.035 0.075
-0.357 0.026 0.063		-0.414 0.026 0.059
-0.357 -0.026 0.063		-0.362 -0.035 0.075
-0.357 -0.026 0.063		-0.414 -0.026 0.059
-0.362 0.035 0.075		-0.367 0.026 0.087
-0.362 0.035 0.075		-0.425 0.035 0.069
-0.362 -0.035 0.075		-0.367 -0.026 0.087
-0.362 -0.035 0.075		-0.425 -0.035 0.069
-0.367 0.026 0.087		-0.369 0.000 0.092
-0.367 0.026 0.087		-0.436 0.026 0.080
-0.367 -0.026 0.087		-0.369 0.000 0.092
-0.367 -0.026 0.087		-0.436 -0.026 0.080
-0.369 0.000 0.092		-0.442 0.000 0.085
-0.394 0.000 -0.085		-0.396 0.026 -0.091
-0.394 0.000 -0.085		-0.396 -0.026 -0.091
-0.394 0.000 -0.085		-0.428 0.000 -0.047
-0.396 0.026 -0.091		-0.400 0.035 -0.103
-0.396 0.026 -0.091		-0.433 0.026 -0.051
-0.396 -0.026 -0.091		-0.400 -0.035 -0.103
-0.396 -0.026 -0.091		-0.433 -0.026 -0.051
-0.400 0.035 -0.103		-0.403 0.026 -0.116
-0.400 0.035 -0.103		-0.443 0.035 -0.062
-0.400 -0.035 -0.103		-0.403 -0.026 -0.116
-0.400 -0.035 -0.103		-0.443 -0.035 -0.062
-0.403 0.026 -0.116		-0.405 0.000 -0.122
-0.403 0.026 -0.116		-0.453 0.026 -0.072
-0.403 -0.026 -0.116		-0.405 0.000 -0.122
-0.403 -0.026 -0.116		-0.453 -0.026 -0.072
-0.405 0.000 -0.122		-0.458 0.000 -0.076
-0.409 0.000 0.054		-0.414 0.026 0.059
-0.409 0.000 0.054		-0.414 -0.026 0.059
-0.409 0.000 0.054		-0.442 0.000 0.044
-0.414 0.026 0.059		-0.425 0.035 0.069
-0.414 0.026 0.059		-0.449 0.026 0.047
-0.414 -0.026 0.059		-0.425 -0.035 0.069
-0.414 -0.026 0.059		-0.449 -0.026 0.047
-0.425 0.035 0.069		-0.436 0.026 0.080
-0.425 0.035 0.069		-0.464 0.035 0.054
-0.425 -0.035 0.069		-0.436 -0.026 0.080
-0.425 -0.035 0.069		-0.464 -0.035 0.054
-0.428 0.000 -0.047		-0.433 0.026 -0.051
-0.428 0.000 -0.047		-0.433 -0.026 -0.051
-0.428 0.000 -0.047		-0.447 0.000 -0.008
-0.433 0.026 -0.051		-0.443 0.035 -0.062
-0.433 0.026 -0.051		-0.454 0.026 -0.011
-0.433 -0.026 -0.051		-0.443 -0.035 -0.062
-0.433 -0.026 -0.051		-0.454 -0.026 -0.011
-0.436 0.026 0.080		-0.442 0.000 0.085
-0.436 0.026 0.080		-0.479 0.026 0.061
-0.436 -0.026 0.080		-0.442 0.000 0.085
-0.436 -0.026 0.080		-0.479 -0.026 0.061
-0.442 0.000 0.085		-0.485 0.000 0.064
-0.442 0.000 0.044		-0.449 0.026 0.047
-0.442 0.000 0.044		-0.449 -0.026 0.047
-0.442 0.000 0.044		-0.453 0.000 0.024
-0.443 0.035 -0.062		-0.453 0.026 -0.072
-0.443 0.035 -0.062		-0.468 0.035 -0.018
-0.443 -0.035 -0.062		-0.453 -0.026 -0.072
-0.443 -0.035 -0.062		-0.468 -0.035 -0.018
-0.447 0.000 -0.008		-0.453 0.000 0.024
-0.447 0.000 -0.008		-0.454 0.026 -0.011
-0.447 0.000 -0.008		-0.454 -0.026 -0.011
-0.449 0.026 0.047		-0.461 0.026 0.024
-0.449 0.026 0.047		-0.464 0.035 0.054
-0.449 -0.026 0.047		-0.461 -0.026 0.024
-0.449 -0.026 0.047		-0.464 -0.035 0.054
-0.453 0.000 0.024		-0.461 0.026 0.024
-0.453 0.000 0.024		-0.461 -0.026 0.024
-0.453 0.026 -0.072		-0.458 0.000 -0.076
-0.453 0.026 -0.072		-0.483 0.026 -0.025
-0.453 -0.026 -0.072		-0.458 0.000 -0.076
-0.453 -0.026 -0.072		-0.483 -0.026 -0.025
-0.454 0.026 -0.011		-0.461 0.026 0.024
-0.454 0.026 -0.011		-0.468 0.035 -0.018
-0.454 -0.026 -0.011		-0.461 -0.026 0.024
-0.454 -0.026 -0.011		-0.468 -0.035 -0.018
-0.458 0.000 -0.076		-0.490 0.000 -0.028
-0.461 0.026 0.024		-0.477 0.035 0.024
-0.461 -0.026 0.024		-0.477 -0.035 0.024
-0.464 0.035 0.054		-0.477 0.035 0.024
-0.464 0.035 0.054		-0.479 0.026 0.061
-0.464 -0.035 0.054		-0.477 -0.035 0.024
-0.464 -0.035 0.054		-0.479 -0.026 0.061
-0.468 0.035 -0.018		-0.477 0.035 0.024
-0.468 0.035 -0.018		-0.483 0.026 -0.025
-0.468 -0.035 -0.018		-0.477 -0.035 0.024
-0.468 -0.035 -0.018		-0.483 -0.026 -0.025
-0.477 0.035 0.024		-0.493 0.026 0.024
-0.477 -0.035 0.024		-0.493 -0.026 0.024
-0.479 0.026 0.061		-0.485 0.000 0.064
-0.479 0.026 0.061		-0.493 0.026 0.024
-0.479 -0.026 0.061		-0.485 0.000 0.064
-0.479 -0.026 0.061		-0.493 -0.026 0.024
-0.483 0.026 -0.025		-0.490 0.000 -0.028
-0.483 0.026 -0.025		-0.493 0.026 0.024
-0.483 -0.026 -0.025		-0.490 0.000 -0.028
-0.483 -0.026 -0.025		-0.493 -0.026 0.024
-0.485 0.000 0.064		-0.500 0.000 0.024
-0.490 0.000 -0.028		-0.500 0.000 0.024
-0.493 0.026 0.024		-0.500 0.000 0.024
-0.493 -0.026 0.024		-0.500 0.000 0.024
